{
  "w_lidar": 1080,
  "h_lidar": 32,
  "aabb_scale": 2,
  "frames": [
    {
      "lidar_file_path": "/home/xueweiyi/LIDAR-NeRF/lidar-nerf-main-git/data/nuscenes/train/n015-2018-07-24-11-22-45+0800__LIDAR_TOP__1532402927647951.pcd.npy",
      "lidar2world": [
        [
          -0.9390383855449157,
          -0.34380385005855774,
          0.0024131220677042244,
          411.0077957176368
        ],
        [
          0.34346839793254097,
          -0.9383898018555559,
          -0.03813186849797687,
          1179.9728193202584
        ],
        [
          0.015374332338497288,
          -0.03497845706154115,
          0.9992698021289056,
          1.829597265846275
        ],
        [
          0.0,
          0.0,
          0.0,
          1.0
        ]
      ]
    },
    {
      "lidar_file_path": "/home/xueweiyi/LIDAR-NeRF/lidar-nerf-main-git/data/nuscenes/train/n015-2018-07-24-11-22-45+0800__LIDAR_TOP__1532402928147847.pcd.npy",
      "lidar2world": [
        [
          -0.9410019024838191,
          -0.3383724696331958,
          0.0044148970730962765,
          409.4556407353122
        ],
        [
          0.33790168355325734,
          -0.9402413720846304,
          -0.04205489831502463,
          1175.7504922196915
        ],
        [
          0.01838128868464826,
          -0.03808193816948814,
          0.9991055470827634,
          1.8264749072782542
        ],
        [
          0.0,
          0.0,
          0.0,
          1.0
        ]
      ]
    },
    {
      "lidar_file_path": "/home/xueweiyi/LIDAR-NeRF/lidar-nerf-main-git/data/nuscenes/train/n015-2018-07-24-11-22-45+0800__LIDAR_TOP__1532402928698048.pcd.npy",
      "lidar2world": [
        [
          -0.9430888466897505,
          -0.3325058941686684,
          0.00482261262082953,
          407.8204190191641
        ],
        [
          0.33212016189074467,
          -0.9425259307482411,
          -0.03662059438113121,
          1171.2332164196896
        ],
        [
          0.016722000928771713,
          -0.03293478723562794,
          0.9993176044054672,
          1.83151119864899
        ],
        [
          0.0,
          0.0,
          0.0,
          1.0
        ]
      ]
    },
    {
      "lidar_file_path": "/home/xueweiyi/LIDAR-NeRF/lidar-nerf-main-git/data/nuscenes/train/n015-2018-07-24-11-22-45+0800__LIDAR_TOP__1532402929197353.pcd.npy",
      "lidar2world": [
        [
          -0.9469272177332803,
          -0.3214480333172725,
          7.869158262928486e-05,
          406.44568337271755
        ],
        [
          0.32115438492119236,
          -0.9460725880923072,
          -0.04250316583753655,
          1167.2788788247697
        ],
        [
          0.013737007017473183,
          -0.04022213242457694,
          0.9990963290401083,
          1.824575543108054
        ],
        [
          0.0,
          0.0,
          0.0,
          1.0
        ]
      ]
    },
    {
      "lidar_file_path": "/home/xueweiyi/LIDAR-NeRF/lidar-nerf-main-git/data/nuscenes/train/n015-2018-07-24-11-22-45+0800__LIDAR_TOP__1532402929697797.pcd.npy",
      "lidar2world": [
        [
          -0.9484265044822534,
          -0.31699697327768933,
          0.00029073761041506334,
          405.1334931185085
        ],
        [
          0.31674837162983993,
          -0.9477182393867799,
          -0.03873767937638082,
          1163.4273927357347
        ],
        [
          0.012555264450380367,
          -0.036647751178024615,
          0.9992493721129749,
          1.8280839721927686
        ],
        [
          0.0,
          0.0,
          0.0,
          1.0
        ]
      ]
    },
    {
      "lidar_file_path": "/home/xueweiyi/LIDAR-NeRF/lidar-nerf-main-git/data/nuscenes/train/n015-2018-07-24-11-22-45+0800__LIDAR_TOP__1532402930152601.pcd.npy",
      "lidar2world": [
        [
          -0.9504306073338601,
          -0.31093482235646824,
          0.001094024288127446,
          404.00871607625373
        ],
        [
          0.3106188368315383,
          -0.9496120493861937,
          -0.04186757535345538,
          1160.1157952520841
        ],
        [
          0.014056985751349666,
          -0.03945240051893713,
          0.999122569680458,
          1.8253134278239824
        ],
        [
          0.0,
          0.0,
          0.0,
          1.0
        ]
      ]
    },
    {
      "lidar_file_path": "/home/xueweiyi/LIDAR-NeRF/lidar-nerf-main-git/data/nuscenes/train/n015-2018-07-24-11-22-45+0800__LIDAR_TOP__1532402930648325.pcd.npy",
      "lidar2world": [
        [
          -0.952717851121776,
          -0.3037914129601877,
          0.006282799181778876,
          402.8619422893014
        ],
        [
          0.3033468522124897,
          -0.9521138650145473,
          -0.038208314538,
          1156.5883197839246
        ],
        [
          0.017589298072400016,
          -0.03449587596675244,
          0.9992500443505655,
          1.8299744353253597
        ],
        [
          0.0,
          0.0,
          0.0,
          1.0
        ]
      ]
    },
    {
      "lidar_file_path": "/home/xueweiyi/LIDAR-NeRF/lidar-nerf-main-git/data/nuscenes/train/n015-2018-07-24-11-22-45+0800__LIDAR_TOP__1532402931198511.pcd.npy",
      "lidar2world": [
        [
          -0.9540787924712413,
          -0.29943906171270857,
          0.008360985422253999,
          401.6369862924515
        ],
        [
          0.29881616074993533,
          -0.9533125182972476,
          -0.043636504585368406,
          1152.78228883898
        ],
        [
          0.021037106057800545,
          -0.03913426603850995,
          0.9990124871043107,
          1.8253319615919774
        ],
        [
          0.0,
          0.0,
          0.0,
          1.0
        ]
      ]
    },
    {
      "lidar_file_path": "/home/xueweiyi/LIDAR-NeRF/lidar-nerf-main-git/data/nuscenes/train/n015-2018-07-24-11-22-45+0800__LIDAR_TOP__1532402931697833.pcd.npy",
      "lidar2world": [
        [
          -0.9569919909376962,
          -0.2900608606412158,
          0.0055701351134314495,
          400.5996031140218
        ],
        [
          0.2896620739134863,
          -0.9563956410414254,
          -0.03746012190449198,
          1149.4721531622245
        ],
        [
          0.01619296814183942,
          -0.034235579753213695,
          0.9992825990988331,
          1.8302815161645953
        ],
        [
          0.0,
          0.0,
          0.0,
          1.0
        ]
      ]
    },
    {
      "lidar_file_path": "/home/xueweiyi/LIDAR-NeRF/lidar-nerf-main-git/data/nuscenes/train/n015-2018-07-24-11-22-45+0800__LIDAR_TOP__1532402932197715.pcd.npy",
      "lidar2world": [
        [
          -0.9594261447576959,
          -0.2819555889004304,
          0.0015870233754250321,
          399.6016280579688
        ],
        [
          0.2817012857766624,
          -0.9587715325650479,
          -0.037437066319920505,
          1146.2394990755467
        ],
        [
          0.012077182914810485,
          -0.035471033684944704,
          0.99929772711748,
          1.8292359960758124
        ],
        [
          0.0,
          0.0,
          0.0,
          1.0
        ]
      ]
    },
    {
      "lidar_file_path": "/home/xueweiyi/LIDAR-NeRF/lidar-nerf-main-git/data/nuscenes/train/n015-2018-07-24-11-22-45+0800__LIDAR_TOP__1532402932647284.pcd.npy",
      "lidar2world": [
        [
          -0.9623162589274281,
          -0.2719326609351713,
          0.00021382384738946201,
          398.7844110109109
        ],
        [
          0.27174485555598626,
          -0.9616802830490228,
          -0.03641107899539302,
          1143.4638973900437
        ],
        [
          0.01010699177681807,
          -0.03498086779183437,
          0.9993368739347882,
          1.8297671014516328
        ],
        [
          0.0,
          0.0,
          0.0,
          1.0
        ]
      ]
    },
    {
      "lidar_file_path": "/home/xueweiyi/LIDAR-NeRF/lidar-nerf-main-git/data/nuscenes/train/n015-2018-07-24-11-22-45+0800__LIDAR_TOP__1532402933146604.pcd.npy",
      "lidar2world": [
        [
          -0.9682737507061163,
          -0.24987634725392935,
          0.0027847399419980447,
          397.9563696241573
        ],
        [
          0.2495177758336105,
          -0.967373741970972,
          -0.0439195046434789,
          1140.4169442809043
        ],
        [
          0.013668329691621158,
          -0.041831261373693605,
          0.9990311918730705,
          1.8230084773686817
        ],
        [
          0.0,
          0.0,
          0.0,
          1.0
        ]
      ]
    },
    {
      "lidar_file_path": "/home/xueweiyi/LIDAR-NeRF/lidar-nerf-main-git/data/nuscenes/train/n015-2018-07-24-11-22-45+0800__LIDAR_TOP__1532402933646462.pcd.npy",
      "lidar2world": [
        [
          -0.9767898755606211,
          -0.21364652548554175,
          0.015385095067014479,
          397.2930245615966
        ],
        [
          0.21285709251937848,
          -0.9761895204291234,
          -0.04178370936805715,
          1137.513321595431
        ],
        [
          0.023945712903608432,
          -0.037539077669986785,
          0.9990082184252659,
          1.8267318431093913
        ],
        [
          0.0,
          0.0,
          0.0,
          1.0
        ]
      ]
    },
    {
      "lidar_file_path": "/home/xueweiyi/LIDAR-NeRF/lidar-nerf-main-git/data/nuscenes/train/n015-2018-07-24-11-22-45+0800__LIDAR_TOP__1532402934146351.pcd.npy",
      "lidar2world": [
        [
          -0.9852943287413509,
          -0.16836865812845214,
          0.029104651005585885,
          396.79518091624595
        ],
        [
          0.16676670119949633,
          -0.9846901350804914,
          -0.050736626279279794,
          1134.6753531837821
        ],
        [
          0.037201520414767986,
          -0.04513682349467957,
          0.9982878913638299,
          1.8184425254753849
        ],
        [
          0.0,
          0.0,
          0.0,
          1.0
        ]
      ]
    },
    {
      "lidar_file_path": "/home/xueweiyi/LIDAR-NeRF/lidar-nerf-main-git/data/nuscenes/train/n015-2018-07-24-11-22-45+0800__LIDAR_TOP__1532402934696555.pcd.npy",
      "lidar2world": [
        [
          -0.9948049607379233,
          -0.09637913864244636,
          0.032774254007691815,
          396.4276598601288
        ],
        [
          0.09539484002307615,
          -0.9949758440940548,
          -0.030379173232607772,
          1131.675365426615
        ],
        [
          0.035537509594684484,
          -0.0270948575169755,
          0.9990009780315254,
          1.8360024982523633
        ],
        [
          0.0,
          0.0,
          0.0,
          1.0
        ]
      ]
    },
    {
      "lidar_file_path": "/home/xueweiyi/LIDAR-NeRF/lidar-nerf-main-git/data/nuscenes/train/n015-2018-07-24-11-22-45+0800__LIDAR_TOP__1532402935197541.pcd.npy",
      "lidar2world": [
        [
          -0.9995121066989734,
          -0.007269385428410561,
          0.03037605302983661,
          396.3460717226086
        ],
        [
          0.006397922568235781,
          -0.9995679248895003,
          -0.02868850151031886,
          1129.102675235473
        ],
        [
          0.030571476068209272,
          -0.028480160947401995,
          0.9991267513601162,
          1.835035966703022
        ],
        [
          0.0,
          0.0,
          0.0,
          1.0
        ]
      ]
    },
    {
      "lidar_file_path": "/home/xueweiyi/LIDAR-NeRF/lidar-nerf-main-git/data/nuscenes/train/n015-2018-07-24-11-22-45+0800__LIDAR_TOP__1532402935697945.pcd.npy",
      "lidar2world": [
        [
          -0.9955771926689131,
          0.08759058787111652,
          0.03396972702092562,
          396.52303205336693
        ],
        [
          -0.08836089022507145,
          -0.9958482584772781,
          -0.0218769094344624,
          1126.6412172051491
        ],
        [
          0.03191248213656961,
          -0.02478174739930581,
          0.9991833958186647,
          1.8384537879090506
        ],
        [
          0.0,
          0.0,
          0.0,
          1.0
        ]
      ]
    },
    {
      "lidar_file_path": "/home/xueweiyi/LIDAR-NeRF/lidar-nerf-main-git/data/nuscenes/train/n015-2018-07-24-11-22-45+0800__LIDAR_TOP__1532402936198962.pcd.npy",
      "lidar2world": [
        [
          -0.9825947002094025,
          0.18276787019693555,
          0.03321988476907895,
          396.9166259883539
        ],
        [
          -0.18344106913544372,
          -0.9828572176736865,
          -0.018467913287257706,
          1124.340174243485
        ],
        [
          0.029275062337083622,
          -0.02424036489858231,
          0.9992774266612571,
          1.8391391161642268
        ],
        [
          0.0,
          0.0,
          0.0,
          1.0
        ]
      ]
    },
    {
      "lidar_file_path": "/home/xueweiyi/LIDAR-NeRF/lidar-nerf-main-git/data/nuscenes/train/n015-2018-07-24-11-22-45+0800__LIDAR_TOP__1532402936699359.pcd.npy",
      "lidar2world": [
        [
          -0.9607083815747411,
          0.27539950177337225,
          0.03456182858325178,
          397.50580975531875
        ],
        [
          -0.27606186214830597,
          -0.9610060210788849,
          -0.01603981662420371,
          1122.1686434402354
        ],
        [
          0.028796767861159336,
          -0.02495078902773743,
          0.9992738384885507,
          1.838498146034335
        ],
        [
          0.0,
          0.0,
          0.0,
          1.0
        ]
      ]
    },
    {
      "lidar_file_path": "/home/xueweiyi/LIDAR-NeRF/lidar-nerf-main-git/data/nuscenes/train/n015-2018-07-24-11-22-45+0800__LIDAR_TOP__1532402937198682.pcd.npy",
      "lidar2world": [
        [
          -0.9280989641521674,
          0.3698423758511939,
          0.04299918329941726,
          398.28147567277614
        ],
        [
          -0.37057786471446175,
          -0.9287439913201736,
          -0.010326895484230058,
          1120.2266684602512
        ],
        [
          0.03611590955995395,
          -0.025518926533385416,
          0.999021734230662,
          1.8374525071815735
        ],
        [
          0.0,
          0.0,
          0.0,
          1.0
        ]
      ]
    },
    {
      "lidar_file_path": "/home/xueweiyi/LIDAR-NeRF/lidar-nerf-main-git/data/nuscenes/train/n015-2018-07-24-11-22-45+0800__LIDAR_TOP__1532402937698000.pcd.npy",
      "lidar2world": [
        [
          -0.8819960012153778,
          0.4692702013184766,
          0.0432265195753558,
          399.26989993852993
        ],
        [
          -0.46988083716717544,
          -0.8827177443059037,
          -0.004624148631982007,
          1118.3306232058458
        ],
        [
          0.03598684069429633,
          -0.02438979380832518,
          0.9990545957328005,
          1.8385297830546115
        ],
        [
          0.0,
          0.0,
          0.0,
          1.0
        ]
      ]
    },
    {
      "lidar_file_path": "/home/xueweiyi/LIDAR-NeRF/lidar-nerf-main-git/data/nuscenes/train/n015-2018-07-24-11-22-45+0800__LIDAR_TOP__1532402938197897.pcd.npy",
      "lidar2world": [
        [
          -0.822693132674935,
          0.5658932473330958,
          0.05422953136718196,
          400.5246669762217
        ],
        [
          -0.5665709410632876,
          -0.8240058786734646,
          0.003417697211701645,
          1116.479669107335
        ],
        [
          0.04661950441779612,
          -0.027913160594496163,
          0.9985226473513076,
          1.8342770124681753
        ],
        [
          0.0,
          0.0,
          0.0,
          1.0
        ]
      ]
    },
    {
      "lidar_file_path": "/home/xueweiyi/LIDAR-NeRF/lidar-nerf-main-git/data/nuscenes/train/n015-2018-07-24-11-22-45+0800__LIDAR_TOP__1532402938647444.pcd.npy",
      "lidar2world": [
        [
          -0.7633355642000441,
          0.6440434750314054,
          0.05026747155836921,
          401.7447366523167
        ],
        [
          -0.6444330720727892,
          -0.764592794918984,
          0.010191838735151325,
          1115.015910436623
        ],
        [
          0.0449981338082706,
          -0.02461422815055884,
          0.9986837876556947,
          1.8375568661869746
        ],
        [
          0.0,
          0.0,
          0.0,
          1.0
        ]
      ]
    },
    {
      "lidar_file_path": "/home/xueweiyi/LIDAR-NeRF/lidar-nerf-main-git/data/nuscenes/train/n015-2018-07-24-11-22-45+0800__LIDAR_TOP__1532402939147334.pcd.npy",
      "lidar2world": [
        [
          -0.695723892783537,
          0.7163882992055565,
          0.05249828350995252,
          403.2222796494325
        ],
        [
          -0.7166036018012186,
          -0.6972493240858357,
          0.017962682076060145,
          1113.5622219435897
        ],
        [
          0.04947264795461983,
          -0.02512339195282386,
          0.9984594494926384,
          1.836641375902552
        ],
        [
          0.0,
          0.0,
          0.0,
          1.0
        ]
      ]
    },
    {
      "lidar_file_path": "/home/xueweiyi/LIDAR-NeRF/lidar-nerf-main-git/data/nuscenes/train/n015-2018-07-24-11-22-45+0800__LIDAR_TOP__1532402939697511.pcd.npy",
      "lidar2world": [
        [
          -0.6226479364174135,
          0.7806320409322577,
          0.05406629213358852,
          404.92162952899025
        ],
        [
          -0.7808312038154018,
          -0.624346428143145,
          0.022229908076440572,
          1112.1634483259452
        ],
        [
          0.05110947488799809,
          -0.028375241581960593,
          0.9982898713509208,
          1.8333879884755464
        ],
        [
          0.0,
          0.0,
          0.0,
          1.0
        ]
      ]
    },
    {
      "lidar_file_path": "/home/xueweiyi/LIDAR-NeRF/lidar-nerf-main-git/data/nuscenes/train/n015-2018-07-24-11-22-45+0800__LIDAR_TOP__1532402940197958.pcd.npy",
      "lidar2world": [
        [
          -0.5639696538826008,
          0.8240200950652765,
          0.0541212751896228,
          406.4403002621523
        ],
        [
          -0.823697051134833,
          -0.5659963704223524,
          0.034223918836132,
          1111.121157182095
        ],
        [
          0.05883364217281165,
          -0.025278283116829534,
          0.997947699507016,
          1.8354653328314812
        ],
        [
          0.0,
          0.0,
          0.0,
          1.0
        ]
      ]
    },
    {
      "lidar_file_path": "/home/xueweiyi/LIDAR-NeRF/lidar-nerf-main-git/data/nuscenes/train/n015-2018-07-24-11-22-45+0800__LIDAR_TOP__1532402940797343.pcd.npy",
      "lidar2world": [
        [
          -0.5097586815141584,
          0.8588516737749006,
          0.05019849674040557,
          408.1052928402183
        ],
        [
          -0.8584359131778254,
          -0.5116341028683336,
          0.03630878335426243,
          1110.1104746116403
        ],
        [
          0.05686712220165496,
          -0.024583474859452132,
          0.9980790465571027,
          1.8363520735467258
        ],
        [
          0.0,
          0.0,
          0.0,
          1.0
        ]
      ]
    },
    {
      "lidar_file_path": "/home/xueweiyi/LIDAR-NeRF/lidar-nerf-main-git/data/nuscenes/train/n015-2018-07-24-11-22-45+0800__LIDAR_TOP__1532402941297218.pcd.npy",
      "lidar2world": [
        [
          -0.4721931965663758,
          0.8802940030298805,
          0.046000579844769976,
          409.41059263159775
        ],
        [
          -0.8799835254565728,
          -0.4737959548397223,
          0.0338583535118812,
          1109.398924882662
        ],
        [
          0.051600194199708425,
          -0.024492068249597706,
          0.9983674466605007,
          1.8370184645066996
        ],
        [
          0.0,
          0.0,
          0.0,
          1.0
        ]
      ]
    },
    {
      "lidar_file_path": "/home/xueweiyi/LIDAR-NeRF/lidar-nerf-main-git/data/nuscenes/train/n015-2018-07-24-11-22-45+0800__LIDAR_TOP__1532402941797653.pcd.npy",
      "lidar2world": [
        [
          -0.4407367745419958,
          0.8965630341681459,
          0.04388418085742933,
          410.62726769559146
        ],
        [
          -0.8962469593928956,
          -0.4422474535256778,
          0.034037885202292284,
          1108.7970528268118
        ],
        [
          0.049924776867892574,
          -0.024329315922629904,
          0.9984566094935872,
          1.8373457973897862
        ],
        [
          0.0,
          0.0,
          0.0,
          1.0
        ]
      ]
    },
    {
      "lidar_file_path": "/home/xueweiyi/LIDAR-NeRF/lidar-nerf-main-git/data/nuscenes/train/n015-2018-07-24-11-22-45+0800__LIDAR_TOP__1532402942197463.pcd.npy",
      "lidar2world": [
        [
          -0.42658853048062945,
          0.9033826238187188,
          0.04384131207871041,
          411.5625529623382
        ],
        [
          -0.9030900480051486,
          -0.42810146754026657,
          0.0340220323309371,
          1108.3586277013821
        ],
        [
          0.049503442874554014,
          -0.025079243853752375,
          0.9984590330460676,
          1.8366800073624707
        ],
        [
          0.0,
          0.0,
          0.0,
          1.0
        ]
      ]
    },
    {
      "lidar_file_path": "/home/xueweiyi/LIDAR-NeRF/lidar-nerf-main-git/data/nuscenes/train/n015-2018-07-24-11-22-45+0800__LIDAR_TOP__1532402942697870.pcd.npy",
      "lidar2world": [
        [
          -0.4204635693219698,
          0.9062369939217226,
          0.044100994555110205,
          412.6797657740453
        ],
        [
          -0.9062067919819082,
          -0.4218518058008546,
          0.02881499797705477,
          1107.8245330071882
        ],
        [
          0.044717301337273495,
          -0.02784896389956022,
          0.9986114350290776,
          1.834517087249041
        ],
        [
          0.0,
          0.0,
          0.0,
          1.0
        ]
      ]
    },
    {
      "lidar_file_path": "/home/xueweiyi/LIDAR-NeRF/lidar-nerf-main-git/data/nuscenes/train/n015-2018-07-24-11-22-45+0800__LIDAR_TOP__1532402943197769.pcd.npy",
      "lidar2world": [
        [
          -0.4181300589161266,
          0.9071095587637011,
          0.04816121084774165,
          413.75770898439083
        ],
        [
          -0.9073751103966107,
          -0.41957878431957873,
          0.02498104844965447,
          1107.3176487222493
        ],
        [
          0.04286797013547504,
          -0.03325495674976337,
          0.998527137832536,
          1.8295174541672998
        ],
        [
          0.0,
          0.0,
          0.0,
          1.0
        ]
      ]
    },
    {
      "lidar_file_path": "/home/xueweiyi/LIDAR-NeRF/lidar-nerf-main-git/data/nuscenes/train/n015-2018-07-24-11-22-45+0800__LIDAR_TOP__1532402943697655.pcd.npy",
      "lidar2world": [
        [
          -0.41756450188967015,
          0.907023893403962,
          0.05429128434610924,
          414.8225704466327
        ],
        [
          -0.9077069772944261,
          -0.4191046700422744,
          0.020477278133888072,
          1106.81770159175
        ],
        [
          0.041327111351362376,
          -0.04072999316320581,
          0.9983151494013689,
          1.8224174828185882
        ],
        [
          0.0,
          0.0,
          0.0,
          1.0
        ]
      ]
    },
    {
      "lidar_file_path": "/home/xueweiyi/LIDAR-NeRF/lidar-nerf-main-git/data/nuscenes/train/n015-2018-07-24-11-22-45+0800__LIDAR_TOP__1532402944198088.pcd.npy",
      "lidar2world": [
        [
          -0.41617934738912676,
          0.9076195122465228,
          0.054968825675518175,
          415.8858165599237
        ],
        [
          -0.9082384666528878,
          -0.41783735199229494,
          0.0226899751449628,
          1106.3271031713462
        ],
        [
          0.04356189273634143,
          -0.040481702897136373,
          0.9982302305739775,
          1.822462519053041
        ],
        [
          0.0,
          0.0,
          0.0,
          1.0
        ]
      ]
    },
    {
      "lidar_file_path": "/home/xueweiyi/LIDAR-NeRF/lidar-nerf-main-git/data/nuscenes/train/n015-2018-07-24-11-22-45+0800__LIDAR_TOP__1532402944697931.pcd.npy",
      "lidar2world": [
        [
          -0.40816461039728086,
          0.9113110463215502,
          0.05397988210025142,
          416.9083181760116
        ],
        [
          -0.9118633858743246,
          -0.4098124052394829,
          0.023642292901549147,
          1105.8659760963144
        ],
        [
          0.04366710799959906,
          -0.0395723307899729,
          0.9982620970039884,
          1.8233383165845538
        ],
        [
          0.0,
          0.0,
          0.0,
          1.0
        ]
      ]
    },
    {
      "lidar_file_path": "/home/xueweiyi/LIDAR-NeRF/lidar-nerf-main-git/data/nuscenes/train/n015-2018-07-24-11-22-45+0800__LIDAR_TOP__1532402945197276.pcd.npy",
      "lidar2world": [
        [
          -0.3827432312059162,
          0.9222803672848499,
          0.05391236488020288,
          417.95449759949713
        ],
        [
          -0.922869483246006,
          -0.38437787744406965,
          0.023781594245140952,
          1105.4294083767197
        ],
        [
          0.04265601785567047,
          -0.04065183209294971,
          0.9982624367811215,
          1.8223776808790872
        ],
        [
          0.0,
          0.0,
          0.0,
          1.0
        ]
      ]
    }
  ]
}