{
  "w_lidar": 1080,
  "h_lidar": 32,
  "aabb_scale": 2,
  "frames": [
    {
      "lidar_file_path": "/home/xueweiyi/LIDAR-NeRF/lidar-nerf-main-git/data/nuscenes/train/n008-2018-08-27-11-48-51-0400__LIDAR_TOP__1535385092150099.pcd.npy",
      "lidar2world": [
        [
          0.02263174890497758,
          0.998587813166708,
          0.048064366597663576,
          1773.4128464165406
        ],
        [
          -0.9994113264729271,
          0.02135814218186737,
          0.026848282629694055,
          866.3841621453467
        ],
        [
          0.0257838022627936,
          -0.04864369596845711,
          0.9984833430675756,
          1.8370130727723704
        ],
        [
          0.0,
          0.0,
          0.0,
          1.0
        ]
      ]
    },
    {
      "lidar_file_path": "/home/xueweiyi/LIDAR-NeRF/lidar-nerf-main-git/data/nuscenes/train/n008-2018-08-27-11-48-51-0400__LIDAR_TOP__1535385092700299.pcd.npy",
      "lidar2world": [
        [
          0.023705320165872353,
          0.9988515177425431,
          0.04163776289917888,
          1777.632682773295
        ],
        [
          -0.9994314779687998,
          0.02267913159348728,
          0.024947501583574623,
          866.4644989946574
        ],
        [
          0.023974541516589152,
          -0.04220547942601813,
          0.9988212647243179,
          1.8434526852587358
        ],
        [
          0.0,
          0.0,
          0.0,
          1.0
        ]
      ]
    },
    {
      "lidar_file_path": "/home/xueweiyi/LIDAR-NeRF/lidar-nerf-main-git/data/nuscenes/train/n008-2018-08-27-11-48-51-0400__LIDAR_TOP__1535385093200183.pcd.npy",
      "lidar2world": [
        [
          0.023700392470485162,
          0.998867421967229,
          0.04125729910316185,
          1781.7234550323024
        ],
        [
          -0.9992866992499415,
          0.022456295957697495,
          0.030361282483100636,
          866.5406018926258
        ],
        [
          0.02940040984243766,
          -0.04194744455152292,
          0.9986871521135608,
          1.8433998020232043
        ],
        [
          0.0,
          0.0,
          0.0,
          1.0
        ]
      ]
    },
    {
      "lidar_file_path": "/home/xueweiyi/LIDAR-NeRF/lidar-nerf-main-git/data/nuscenes/train/n008-2018-08-27-11-48-51-0400__LIDAR_TOP__1535385093650312.pcd.npy",
      "lidar2world": [
        [
          0.025254371161134912,
          0.9986556656418314,
          0.045266745174842284,
          1785.5471298519387
        ],
        [
          -0.9993079425600817,
          0.02398201364317711,
          0.02843411609234077,
          866.6109118380444
        ],
        [
          0.027310303432768423,
          -0.045953503708497975,
          0.9985701892322446,
          1.8395878329298476
        ],
        [
          0.0,
          0.0,
          0.0,
          1.0
        ]
      ]
    },
    {
      "lidar_file_path": "/home/xueweiyi/LIDAR-NeRF/lidar-nerf-main-git/data/nuscenes/train/n008-2018-08-27-11-48-51-0400__LIDAR_TOP__1535385094150195.pcd.npy",
      "lidar2world": [
        [
          0.027951983151284984,
          0.9984424374917664,
          0.048284424542597786,
          1789.857965315348
        ],
        [
          -0.9992424410003051,
          0.026600630390645433,
          0.028406875339805498,
          866.6900935194647
        ],
        [
          0.02707823372491751,
          -0.04904187474311938,
          0.9984295988100604,
          1.8365458755539732
        ],
        [
          0.0,
          0.0,
          0.0,
          1.0
        ]
      ]
    },
    {
      "lidar_file_path": "/home/xueweiyi/LIDAR-NeRF/lidar-nerf-main-git/data/nuscenes/train/n008-2018-08-27-11-48-51-0400__LIDAR_TOP__1535385094550004.pcd.npy",
      "lidar2world": [
        [
          0.03109171087166669,
          0.9984109517460936,
          0.04699869092360784,
          1793.2820785213223
        ],
        [
          -0.9991189377462208,
          0.029718808981112836,
          0.02963343769473898,
          866.767636061949
        ],
        [
          0.028189603614391844,
          -0.04787863642799638,
          0.9984552981590412,
          1.837634178697712
        ],
        [
          0.0,
          0.0,
          0.0,
          1.0
        ]
      ]
    },
    {
      "lidar_file_path": "/home/xueweiyi/LIDAR-NeRF/lidar-nerf-main-git/data/nuscenes/train/n008-2018-08-27-11-48-51-0400__LIDAR_TOP__1535385094949783.pcd.npy",
      "lidar2world": [
        [
          0.033154077270589555,
          0.9984736283095389,
          0.04417262422268672,
          1796.6861348999691
        ],
        [
          -0.9991286315757945,
          0.031989872188827234,
          0.026807193863238352,
          866.8500613766078
        ],
        [
          0.02535319951829599,
          -0.04502290136947429,
          0.9986641846118536,
          1.8406138133900305
        ],
        [
          0.0,
          0.0,
          0.0,
          1.0
        ]
      ]
    },
    {
      "lidar_file_path": "/home/xueweiyi/LIDAR-NeRF/lidar-nerf-main-git/data/nuscenes/train/n008-2018-08-27-11-48-51-0400__LIDAR_TOP__1535385095449675.pcd.npy",
      "lidar2world": [
        [
          0.036036709327032006,
          0.9984712460072211,
          0.04191093506071527,
          1801.0177554234226
        ],
        [
          -0.9991786729065933,
          0.03522122468257703,
          0.020036090947982862,
          866.9400499171984
        ],
        [
          0.018529306233516132,
          -0.04259854725978239,
          0.9989204315569173,
          1.8433183692282418
        ],
        [
          0.0,
          0.0,
          0.0,
          1.0
        ]
      ]
    },
    {
      "lidar_file_path": "/home/xueweiyi/LIDAR-NeRF/lidar-nerf-main-git/data/nuscenes/train/n008-2018-08-27-11-48-51-0400__LIDAR_TOP__1535385095949554.pcd.npy",
      "lidar2world": [
        [
          0.04010568899367774,
          0.998229990003326,
          0.04391378790654096,
          1805.230469275675
        ],
        [
          -0.9990001517166609,
          0.03919022489826494,
          0.021513324766535297,
          867.060489968962
        ],
        [
          0.019754254742444806,
          -0.04473268749339438,
          0.9988036624328064,
          1.8411710770608303
        ],
        [
          0.0,
          0.0,
          0.0,
          1.0
        ]
      ]
    },
    {
      "lidar_file_path": "/home/xueweiyi/LIDAR-NeRF/lidar-nerf-main-git/data/nuscenes/train/n008-2018-08-27-11-48-51-0400__LIDAR_TOP__1535385096399680.pcd.npy",
      "lidar2world": [
        [
          0.04234471731050125,
          0.9980834188344212,
          0.04512664361205359,
          1808.9735407004068
        ],
        [
          -0.9989144514367664,
          0.04141592374543395,
          0.021322288129996984,
          867.1812847385772
        ],
        [
          0.019412460603435783,
          -0.045980542712194705,
          0.9987536963962708,
          1.8399563399214893
        ],
        [
          0.0,
          0.0,
          0.0,
          1.0
        ]
      ]
    },
    {
      "lidar_file_path": "/home/xueweiyi/LIDAR-NeRF/lidar-nerf-main-git/data/nuscenes/train/n008-2018-08-27-11-48-51-0400__LIDAR_TOP__1535385096900138.pcd.npy",
      "lidar2world": [
        [
          0.04710450330133643,
          0.9978584902883751,
          0.0453828065255813,
          1813.2253296258334
        ],
        [
          -0.9985367525784079,
          0.04583110148513765,
          0.028703029227342768,
          867.3555466532598
        ],
        [
          0.026561617399945087,
          -0.046668442185945874,
          0.9985572276965579,
          1.8389246799516188
        ],
        [
          0.0,
          0.0,
          0.0,
          1.0
        ]
      ]
    },
    {
      "lidar_file_path": "/home/xueweiyi/LIDAR-NeRF/lidar-nerf-main-git/data/nuscenes/train/n008-2018-08-27-11-48-51-0400__LIDAR_TOP__1535385097400558.pcd.npy",
      "lidar2world": [
        [
          0.049176493616848664,
          0.9973991229485523,
          0.052694041570294316,
          1817.5688782214768
        ],
        [
          -0.9984773450564277,
          0.04777244016354271,
          0.02758233800622101,
          867.5430378270934
        ],
        [
          0.02499327678838323,
          -0.05397020939630118,
          0.9982297093420431,
          1.8317479204290963
        ],
        [
          0.0,
          0.0,
          0.0,
          1.0
        ]
      ]
    },
    {
      "lidar_file_path": "/home/xueweiyi/LIDAR-NeRF/lidar-nerf-main-git/data/nuscenes/train/n008-2018-08-27-11-48-51-0400__LIDAR_TOP__1535385097901019.pcd.npy",
      "lidar2world": [
        [
          0.04234138371527492,
          0.9977797090408145,
          0.05140874878369004,
          1821.8103019802572
        ],
        [
          -0.9989817244945706,
          0.041477791666166594,
          0.01775125134611265,
          867.6827060290839
        ],
        [
          0.01557951703136645,
          -0.05210801305871086,
          0.9985199214958825,
          1.834026165347608
        ],
        [
          0.0,
          0.0,
          0.0,
          1.0
        ]
      ]
    },
    {
      "lidar_file_path": "/home/xueweiyi/LIDAR-NeRF/lidar-nerf-main-git/data/nuscenes/train/n008-2018-08-27-11-48-51-0400__LIDAR_TOP__1535385098400887.pcd.npy",
      "lidar2world": [
        [
          0.033145994150650185,
          0.9978005049671308,
          0.05740640520974357,
          1826.0775724184928
        ],
        [
          -0.9993922916370211,
          0.032469337878028796,
          0.012680280527938518,
          867.7789030694443
        ],
        [
          0.010788442346783729,
          -0.057791819361416676,
          0.9982703617390576,
          1.8284711239844864
        ],
        [
          0.0,
          0.0,
          0.0,
          1.0
        ]
      ]
    },
    {
      "lidar_file_path": "/home/xueweiyi/LIDAR-NeRF/lidar-nerf-main-git/data/nuscenes/train/n008-2018-08-27-11-48-51-0400__LIDAR_TOP__1535385098900804.pcd.npy",
      "lidar2world": [
        [
          0.024106792253858884,
          0.998287484683084,
          0.05330066127496517,
          1830.2319095461241
        ],
        [
          -0.9996565485911929,
          0.02352306330896542,
          0.011552071299322644,
          867.8449429622353
        ],
        [
          0.010278493370699734,
          -0.05356083847067453,
          0.9985116870404397,
          1.8327352401967678
        ],
        [
          0.0,
          0.0,
          0.0,
          1.0
        ]
      ]
    },
    {
      "lidar_file_path": "/home/xueweiyi/LIDAR-NeRF/lidar-nerf-main-git/data/nuscenes/train/n008-2018-08-27-11-48-51-0400__LIDAR_TOP__1535385099400097.pcd.npy",
      "lidar2world": [
        [
          0.015588177870625974,
          0.9984438581036094,
          0.053543168806626046,
          1834.215784779911
        ],
        [
          -0.9998676634374088,
          0.015316366114952393,
          0.005483114192761974,
          867.8758109816457
        ],
        [
          0.004654494912646938,
          -0.05362155484703763,
          0.9985504817148184,
          1.8327872680388202
        ],
        [
          0.0,
          0.0,
          0.0,
          1.0
        ]
      ]
    },
    {
      "lidar_file_path": "/home/xueweiyi/LIDAR-NeRF/lidar-nerf-main-git/data/nuscenes/train/n008-2018-08-27-11-48-51-0400__LIDAR_TOP__1535385099899436.pcd.npy",
      "lidar2world": [
        [
          0.010222381076656472,
          0.9993204325573585,
          0.03541434735383512,
          1838.1601331132015
        ],
        [
          -0.9998361294370121,
          0.009685665928798163,
          0.015293859811398173,
          867.9014896949044
        ],
        [
          0.014940455064642357,
          -0.035564883647921465,
          0.999255683923575,
          1.85029927932066
        ],
        [
          0.0,
          0.0,
          0.0,
          1.0
        ]
      ]
    },
    {
      "lidar_file_path": "/home/xueweiyi/LIDAR-NeRF/lidar-nerf-main-git/data/nuscenes/train/n008-2018-08-27-11-48-51-0400__LIDAR_TOP__1535385100398781.pcd.npy",
      "lidar2world": [
        [
          0.01169624554939054,
          0.9987046640732387,
          0.049519610240877414,
          1842.282693001185
        ],
        [
          -0.9997008203263608,
          0.010615282126772688,
          0.022036007446244423,
          867.9502236368055
        ],
        [
          0.021481798780602187,
          -0.04976253353406627,
          0.9985300308841097,
          1.8361201233093793
        ],
        [
          0.0,
          0.0,
          0.0,
          1.0
        ]
      ]
    },
    {
      "lidar_file_path": "/home/xueweiyi/LIDAR-NeRF/lidar-nerf-main-git/data/nuscenes/train/n008-2018-08-27-11-48-51-0400__LIDAR_TOP__1535385100898103.pcd.npy",
      "lidar2world": [
        [
          0.010667807936587016,
          0.9989795009857998,
          0.04388797653106075,
          1846.502266474226
        ],
        [
          -0.9997702054214794,
          0.009839542352590474,
          0.019045203012434515,
          867.9686614104721
        ],
        [
          0.018593929797688216,
          -0.044081061879841635,
          0.9988549072604211,
          1.8418607826889137
        ],
        [
          0.0,
          0.0,
          0.0,
          1.0
        ]
      ]
    },
    {
      "lidar_file_path": "/home/xueweiyi/LIDAR-NeRF/lidar-nerf-main-git/data/nuscenes/train/n008-2018-08-27-11-48-51-0400__LIDAR_TOP__1535385101398009.pcd.npy",
      "lidar2world": [
        [
          0.013703841311381684,
          0.9987887543151683,
          0.04725705224477401,
          1850.9246912489298
        ],
        [
          -0.9997469389833535,
          0.012843128757516555,
          0.018469218638890162,
          867.9879561818599
        ],
        [
          0.017839919470831293,
          -0.04749819256846184,
          0.9987120000160218,
          1.8385218028828898
        ],
        [
          0.0,
          0.0,
          0.0,
          1.0
        ]
      ]
    },
    {
      "lidar_file_path": "/home/xueweiyi/LIDAR-NeRF/lidar-nerf-main-git/data/nuscenes/train/n008-2018-08-27-11-48-51-0400__LIDAR_TOP__1535385101947644.pcd.npy",
      "lidar2world": [
        [
          0.027873405413852106,
          0.9980417491105562,
          0.055997681228585616,
          1855.5226677548487
        ],
        [
          -0.9993643110399282,
          0.026577116661558327,
          0.02376195887651646,
          868.0671337908855
        ],
        [
          0.022227170092622702,
          -0.056624410834031365,
          0.9981480997363938,
          1.8292228041089886
        ],
        [
          0.0,
          0.0,
          0.0,
          1.0
        ]
      ]
    },
    {
      "lidar_file_path": "/home/xueweiyi/LIDAR-NeRF/lidar-nerf-main-git/data/nuscenes/train/n008-2018-08-27-11-48-51-0400__LIDAR_TOP__1535385102447561.pcd.npy",
      "lidar2world": [
        [
          0.0392659147135797,
          0.9981558679253459,
          0.046293101731329465,
          1859.1308405911147
        ],
        [
          -0.9990113617085116,
          0.038248777580902116,
          0.022656791274904838,
          868.179964544557
        ],
        [
          0.020844354607754332,
          -0.047136974232209854,
          0.9986709260518304,
          1.8387514694973444
        ],
        [
          0.0,
          0.0,
          0.0,
          1.0
        ]
      ]
    },
    {
      "lidar_file_path": "/home/xueweiyi/LIDAR-NeRF/lidar-nerf-main-git/data/nuscenes/train/n008-2018-08-27-11-48-51-0400__LIDAR_TOP__1535385102947981.pcd.npy",
      "lidar2world": [
        [
          0.04957650423061361,
          0.9970240097854469,
          0.05903637979771355,
          1862.3773588311733
        ],
        [
          -0.9986121470996302,
          0.04843002723357766,
          0.02069570311007271,
          868.2985502986526
        ],
        [
          0.01777497941875875,
          -0.059980466599576045,
          0.9980412785717625,
          1.8260288253429169
        ],
        [
          0.0,
          0.0,
          0.0,
          1.0
        ]
      ]
    },
    {
      "lidar_file_path": "/home/xueweiyi/LIDAR-NeRF/lidar-nerf-main-git/data/nuscenes/train/n008-2018-08-27-11-48-51-0400__LIDAR_TOP__1535385103447886.pcd.npy",
      "lidar2world": [
        [
          0.057244689799170974,
          0.9974060980300398,
          0.04363623611502714,
          1865.452096573081
        ],
        [
          -0.9980166240775422,
          0.05602375750766471,
          0.028708128806790446,
          868.4656113574766
        ],
        [
          0.02618899682426918,
          -0.04519307698322931,
          0.9986349294102052,
          1.8404006125970147
        ],
        [
          0.0,
          0.0,
          0.0,
          1.0
        ]
      ]
    },
    {
      "lidar_file_path": "/home/xueweiyi/LIDAR-NeRF/lidar-nerf-main-git/data/nuscenes/train/n008-2018-08-27-11-48-51-0400__LIDAR_TOP__1535385103948321.pcd.npy",
      "lidar2world": [
        [
          0.06119793261793725,
          0.9977200697065101,
          0.02845128376937275,
          1868.623368235364
        ],
        [
          -0.9976619790318678,
          0.060275900506269374,
          0.032208561165836425,
          868.6588762925603
        ],
        [
          0.030420201141766395,
          -0.030355861427297275,
          0.9990761397608791,
          1.8545550295770794
        ],
        [
          0.0,
          0.0,
          0.0,
          1.0
        ]
      ]
    },
    {
      "lidar_file_path": "/home/xueweiyi/LIDAR-NeRF/lidar-nerf-main-git/data/nuscenes/train/n008-2018-08-27-11-48-51-0400__LIDAR_TOP__1535385104448758.pcd.npy",
      "lidar2world": [
        [
          0.05281112361851127,
          0.9975276623117518,
          0.04636321974367946,
          1872.0751195846267
        ],
        [
          -0.9982139965019096,
          0.05143523240969047,
          0.030384766819012,
          868.8233401615902
        ],
        [
          0.027924942432079044,
          -0.047885068547633025,
          0.9984624268345565,
          1.8376434006926248
        ],
        [
          0.0,
          0.0,
          0.0,
          1.0
        ]
      ]
    },
    {
      "lidar_file_path": "/home/xueweiyi/LIDAR-NeRF/lidar-nerf-main-git/data/nuscenes/train/n008-2018-08-27-11-48-51-0400__LIDAR_TOP__1535385104949764.pcd.npy",
      "lidar2world": [
        [
          0.04099229425824994,
          0.9984770653849312,
          0.0369212907648172,
          1875.8732351482288
        ],
        [
          -0.9984051558272502,
          0.03949777783093142,
          0.04033696027196539,
          868.9975543651841
        ],
        [
          0.03881722077904061,
          -0.03851591160434229,
          0.9985037545869705,
          1.8460853394433354
        ],
        [
          0.0,
          0.0,
          0.0,
          1.0
        ]
      ]
    },
    {
      "lidar_file_path": "/home/xueweiyi/LIDAR-NeRF/lidar-nerf-main-git/data/nuscenes/train/n008-2018-08-27-11-48-51-0400__LIDAR_TOP__1535385105450180.pcd.npy",
      "lidar2world": [
        [
          0.02680079139358056,
          0.9987546260247369,
          0.042082235858703236,
          1879.9536014660484
        ],
        [
          -0.9988614898007148,
          0.025094212404346235,
          0.04057098343525443,
          869.1169851834926
        ],
        [
          0.03946443682324521,
          -0.04312165926765001,
          0.9982900784482586,
          1.8415353243176777
        ],
        [
          0.0,
          0.0,
          0.0,
          1.0
        ]
      ]
    },
    {
      "lidar_file_path": "/home/xueweiyi/LIDAR-NeRF/lidar-nerf-main-git/data/nuscenes/train/n008-2018-08-27-11-48-51-0400__LIDAR_TOP__1535385105950634.pcd.npy",
      "lidar2world": [
        [
          0.01955198401368556,
          0.9985835821968769,
          0.049482818108717644,
          1884.2027780391102
        ],
        [
          -0.9992822615808107,
          0.01791165140160023,
          0.03337865236953657,
          869.1806313760779
        ],
        [
          0.03244505526374398,
          -0.05009992126659885,
          0.998217068717026,
          1.8351615901824467
        ],
        [
          0.0,
          0.0,
          0.0,
          1.0
        ]
      ]
    },
    {
      "lidar_file_path": "/home/xueweiyi/LIDAR-NeRF/lidar-nerf-main-git/data/nuscenes/train/n008-2018-08-27-11-48-51-0400__LIDAR_TOP__1535385106451625.pcd.npy",
      "lidar2world": [
        [
          0.020282080225797243,
          0.9983331992897724,
          0.05403203140323873,
          1888.514086271474
        ],
        [
          -0.99943138184704,
          0.01878908072317584,
          0.027997918224271282,
          869.2483024539571
        ],
        [
          0.02693603907461757,
          -0.054569163832921555,
          0.9981466105525506,
          1.8310409245432735
        ],
        [
          0.0,
          0.0,
          0.0,
          1.0
        ]
      ]
    },
    {
      "lidar_file_path": "/home/xueweiyi/LIDAR-NeRF/lidar-nerf-main-git/data/nuscenes/train/n008-2018-08-27-11-48-51-0400__LIDAR_TOP__1535385106952072.pcd.npy",
      "lidar2world": [
        [
          0.019468497796789455,
          0.9983955093458412,
          0.05317315593035042,
          1892.7623508370025
        ],
        [
          -0.9997054045953511,
          0.018667908243658722,
          0.015511712498961114,
          869.2813039938056
        ],
        [
          0.014494192505293005,
          -0.05345948110357315,
          0.9984648227472788,
          1.832712980765823
        ],
        [
          0.0,
          0.0,
          0.0,
          1.0
        ]
      ]
    },
    {
      "lidar_file_path": "/home/xueweiyi/LIDAR-NeRF/lidar-nerf-main-git/data/nuscenes/train/n008-2018-08-27-11-48-51-0400__LIDAR_TOP__1535385107452513.pcd.npy",
      "lidar2world": [
        [
          0.019347485016218087,
          0.9986010093854951,
          0.049210759776875015,
          1896.9284054081381
        ],
        [
          -0.9995847603835061,
          0.018268400683728613,
          0.02228390328257205,
          869.3493241273601
        ],
        [
          0.021353726433470534,
          -0.04962146300472032,
          0.9985397982938262,
          1.8362662037922386
        ],
        [
          0.0,
          0.0,
          0.0,
          1.0
        ]
      ]
    },
    {
      "lidar_file_path": "/home/xueweiyi/LIDAR-NeRF/lidar-nerf-main-git/data/nuscenes/train/n008-2018-08-27-11-48-51-0400__LIDAR_TOP__1535385107953148.pcd.npy",
      "lidar2world": [
        [
          0.017912742378929078,
          0.9986032853366359,
          0.04970525299543512,
          1901.1044156525047
        ],
        [
          -0.9996103091292421,
          0.016821989356026783,
          0.02227668190380587,
          869.3909937674318
        ],
        [
          0.021409426498711935,
          -0.05008491977611441,
          0.9985154667144687,
          1.8358030798121177
        ],
        [
          0.0,
          0.0,
          0.0,
          1.0
        ]
      ]
    },
    {
      "lidar_file_path": "/home/xueweiyi/LIDAR-NeRF/lidar-nerf-main-git/data/nuscenes/train/n008-2018-08-27-11-48-51-0400__LIDAR_TOP__1535385108451734.pcd.npy",
      "lidar2world": [
        [
          0.0178783642116214,
          0.9984894962816714,
          0.051952766127410996,
          1905.4013049603286
        ],
        [
          -0.999640048861402,
          0.016811073688885958,
          0.020908383816049324,
          869.4347282885327
        ],
        [
          0.02000341984484159,
          -0.052307873371029864,
          0.9984306433488056,
          1.8336517693219765
        ],
        [
          0.0,
          0.0,
          0.0,
          1.0
        ]
      ]
    },
    {
      "lidar_file_path": "/home/xueweiyi/LIDAR-NeRF/lidar-nerf-main-git/data/nuscenes/train/n008-2018-08-27-11-48-51-0400__LIDAR_TOP__1535385108951051.pcd.npy",
      "lidar2world": [
        [
          0.021476420203670372,
          0.998309568777244,
          0.05400711307807708,
          1909.8570926357536
        ],
        [
          -0.9995591228315107,
          0.020332799146368086,
          0.021636479454240486,
          869.5101731374743
        ],
        [
          0.02050178869112879,
          -0.05444797669947231,
          0.9983061126196702,
          1.8314888283280826
        ],
        [
          0.0,
          0.0,
          0.0,
          1.0
        ]
      ]
    },
    {
      "lidar_file_path": "/home/xueweiyi/LIDAR-NeRF/lidar-nerf-main-git/data/nuscenes/train/n008-2018-08-27-11-48-51-0400__LIDAR_TOP__1535385109400618.pcd.npy",
      "lidar2world": [
        [
          0.02382020040711377,
          0.9984393784022738,
          0.050511441359794,
          1913.8138426135365
        ],
        [
          -0.999512238091293,
          0.02276420608807036,
          0.021379355156607285,
          869.5907794969326
        ],
        [
          0.02019613721228462,
          -0.05099606432715011,
          0.9984946256564639,
          1.8349513370534587
        ],
        [
          0.0,
          0.0,
          0.0,
          1.0
        ]
      ]
    }
  ]
}