start = 0
alpha_d = 1000.0
alpha_r = 4.5
alpha_i = 100
desired_resolution = 32768
change_patch_size_lidar = [16, 256]
num_steps = 768
upsample_steps = 64
bound = 1
scale =  0.0070144070644506265
offset = [1847.0007053151803, 866.7391663516374, 0.12774410688850324]