{
  "w_lidar": 1080,
  "h_lidar": 32,
  "aabb_scale": 2,
  "frames": [
    {
      "lidar_file_path": "/home/xueweiyi/LIDAR-NeRF/lidar-nerf-main-git/data/nuscenes/train/n008-2018-08-01-15-16-36-0400__LIDAR_TOP__1533151604048025.pcd.npy",
      "lidar2world": [
        [
          -0.49716797555957376,
          0.866073295420795,
          0.05235504786511102,
          604.7066898776218
        ],
        [
          -0.8676363603183448,
          -0.4958636352142445,
          -0.036419795793621264,
          1644.8774512431169
        ],
        [
          -0.005581248205324263,
          -0.06353189931898545,
          0.9979642014808906,
          1.8228279481424965
        ],
        [
          0.0,
          0.0,
          0.0,
          1.0
        ]
      ]
    },
    {
      "lidar_file_path": "/home/xueweiyi/LIDAR-NeRF/lidar-nerf-main-git/data/nuscenes/train/n008-2018-08-01-15-16-36-0400__LIDAR_TOP__1533151604547893.pcd.npy",
      "lidar2world": [
        [
          -0.5208759104790341,
          0.8524041915514802,
          0.0457753220426105,
          608.3103448440753
        ],
        [
          -0.8535198917759516,
          -0.5191872876836575,
          -0.04414017048510994,
          1642.6697716852811
        ],
        [
          -0.013859301043155749,
          -0.06206169940594968,
          0.9979760845037522,
          1.8242224352785825
        ],
        [
          0.0,
          0.0,
          0.0,
          1.0
        ]
      ]
    },
    {
      "lidar_file_path": "/home/xueweiyi/LIDAR-NeRF/lidar-nerf-main-git/data/nuscenes/train/n008-2018-08-01-15-16-36-0400__LIDAR_TOP__1533151605047769.pcd.npy",
      "lidar2world": [
        [
          -0.5457280487183211,
          0.8359446409703548,
          0.05811586766999434,
          611.8444844173929
        ],
        [
          -0.8378734610408144,
          -0.5433461178378451,
          -0.052374225665183544,
          1640.3969293082512
        ],
        [
          -0.012204922186512856,
          -0.07727582716144184,
          0.9969350462346752,
          1.8085638425535546
        ],
        [
          0.0,
          0.0,
          0.0,
          1.0
        ]
      ]
    },
    {
      "lidar_file_path": "/home/xueweiyi/LIDAR-NeRF/lidar-nerf-main-git/data/nuscenes/train/n008-2018-08-01-15-16-36-0400__LIDAR_TOP__1533151605548192.pcd.npy",
      "lidar2world": [
        [
          -0.5681348114907137,
          0.8199249248598108,
          0.07032747376412765,
          615.3220548987267
        ],
        [
          -0.8228774171771497,
          -0.5650011073862402,
          -0.0603862977188081,
          1638.0321567966587
        ],
        [
          -0.00977713006324702,
          -0.09217844783871632,
          0.9956945020847361,
          1.7928050585963051
        ],
        [
          0.0,
          0.0,
          0.0,
          1.0
        ]
      ]
    },
    {
      "lidar_file_path": "/home/xueweiyi/LIDAR-NeRF/lidar-nerf-main-git/data/nuscenes/train/n008-2018-08-01-15-16-36-0400__LIDAR_TOP__1533151606048630.pcd.npy",
      "lidar2world": [
        [
          -0.587326389644172,
          0.8052107544085474,
          0.08175177681471063,
          618.8160409633376
        ],
        [
          -0.8093499523010522,
          -0.584246763930907,
          -0.0600697390251468,
          1635.5261379180554
        ],
        [
          -0.0006055888279665597,
          -0.10144633961401933,
          0.9948408281936817,
          1.782804170412854
        ],
        [
          0.0,
          0.0,
          0.0,
          1.0
        ]
      ]
    },
    {
      "lidar_file_path": "/home/xueweiyi/LIDAR-NeRF/lidar-nerf-main-git/data/nuscenes/train/n008-2018-08-01-15-16-36-0400__LIDAR_TOP__1533151606549066.pcd.npy",
      "lidar2world": [
        [
          -0.6120189256072215,
          0.7887636023823835,
          0.05731329911411784,
          622.2342764709547
        ],
        [
          -0.7906822239103161,
          -0.6088236683404793,
          -0.06446209475866999,
          1632.8611388435863
        ],
        [
          -0.015951661067610763,
          -0.08476862877978009,
          0.9962729666532043,
          1.8005979774037097
        ],
        [
          0.0,
          0.0,
          0.0,
          1.0
        ]
      ]
    },
    {
      "lidar_file_path": "/home/xueweiyi/LIDAR-NeRF/lidar-nerf-main-git/data/nuscenes/train/n008-2018-08-01-15-16-36-0400__LIDAR_TOP__1533151607048933.pcd.npy",
      "lidar2world": [
        [
          -0.6280618682642745,
          0.7767950508875001,
          0.046127416457828106,
          625.6927543196933
        ],
        [
          -0.7779957776656993,
          -0.6255920704260349,
          -0.05794075728198056,
          1630.06708739364
        ],
        [
          -0.016151147536059757,
          -0.07227731550598518,
          0.9972537942251789,
          1.8136848395980631
        ],
        [
          0.0,
          0.0,
          0.0,
          1.0
        ]
      ]
    },
    {
      "lidar_file_path": "/home/xueweiyi/LIDAR-NeRF/lidar-nerf-main-git/data/nuscenes/train/n008-2018-08-01-15-16-36-0400__LIDAR_TOP__1533151607548824.pcd.npy",
      "lidar2world": [
        [
          -0.6379137215287485,
          0.7692560631554372,
          0.03621040159869893,
          629.1071853675785
        ],
        [
          -0.7700955807146753,
          -0.6369327161185797,
          -0.03563020771107249,
          1627.2327780651478
        ],
        [
          -0.0043451638712262595,
          -0.050614468646874265,
          0.9987088139765892,
          1.8358446251049942
        ],
        [
          0.0,
          0.0,
          0.0,
          1.0
        ]
      ]
    },
    {
      "lidar_file_path": "/home/xueweiyi/LIDAR-NeRF/lidar-nerf-main-git/data/nuscenes/train/n008-2018-08-01-15-16-36-0400__LIDAR_TOP__1533151608048151.pcd.npy",
      "lidar2world": [
        [
          -0.6415961382723093,
          0.7661223599594411,
          0.03756228060484083,
          632.5333986929481
        ],
        [
          -0.767036809297754,
          -0.6410122793811692,
          -0.027528001469040247,
          1624.3424151693773
        ],
        [
          0.0029880656588360255,
          -0.04647351130197469,
          0.9989150535510437,
          1.8399148379068013
        ],
        [
          0.0,
          0.0,
          0.0,
          1.0
        ]
      ]
    },
    {
      "lidar_file_path": "/home/xueweiyi/LIDAR-NeRF/lidar-nerf-main-git/data/nuscenes/train/n008-2018-08-01-15-16-36-0400__LIDAR_TOP__1533151608548020.pcd.npy",
      "lidar2world": [
        [
          -0.6380605461241008,
          0.7690597136544144,
          0.03776104227379027,
          635.8861397344791
        ],
        [
          -0.7699595188784676,
          -0.6368625126827447,
          -0.03960403044966739,
          1621.4779861073923
        ],
        [
          -0.006409272053176499,
          -0.054344243238907367,
          0.9985016897624848,
          1.8321112197013318
        ],
        [
          0.0,
          0.0,
          0.0,
          1.0
        ]
      ]
    },
    {
      "lidar_file_path": "/home/xueweiyi/LIDAR-NeRF/lidar-nerf-main-git/data/nuscenes/train/n008-2018-08-01-15-16-36-0400__LIDAR_TOP__1533151609047890.pcd.npy",
      "lidar2world": [
        [
          -0.6372862555881416,
          0.769419892463637,
          0.04311910852149273,
          638.856336103298
        ],
        [
          -0.7705068799267047,
          -0.6351999866077521,
          -0.05329282314837006,
          1618.9450862437607
        ],
        [
          -0.013615301100512144,
          -0.06718635348606224,
          0.9976475417105909,
          1.8189916006553057
        ],
        [
          0.0,
          0.0,
          0.0,
          1.0
        ]
      ]
    },
    {
      "lidar_file_path": "/home/xueweiyi/LIDAR-NeRF/lidar-nerf-main-git/data/nuscenes/train/n008-2018-08-01-15-16-36-0400__LIDAR_TOP__1533151609547766.pcd.npy",
      "lidar2world": [
        [
          -0.6389346498902111,
          0.7682172186427751,
          0.04006018160754826,
          641.3494302602003
        ],
        [
          -0.7691822544502963,
          -0.6372571672212061,
          -0.04756009108445086,
          1616.8435787379553
        ],
        [
          -0.011007843041700641,
          -0.0612013709483725,
          0.998064737171696,
          1.8251464244707638
        ],
        [
          0.0,
          0.0,
          0.0,
          1.0
        ]
      ]
    },
    {
      "lidar_file_path": "/home/xueweiyi/LIDAR-NeRF/lidar-nerf-main-git/data/nuscenes/train/n008-2018-08-01-15-16-36-0400__LIDAR_TOP__1533151609947025.pcd.npy",
      "lidar2world": [
        [
          -0.6403921488813578,
          0.7670423101151105,
          0.03929363999924036,
          642.9423115853272
        ],
        [
          -0.7679745766159815,
          -0.638784381532125,
          -0.04657857428177483,
          1615.4865180385125
        ],
        [
          -0.010627573693900117,
          -0.060005069818253196,
          0.9981414961184039,
          1.8263650226535764
        ],
        [
          0.0,
          0.0,
          0.0,
          1.0
        ]
      ]
    },
    {
      "lidar_file_path": "/home/xueweiyi/LIDAR-NeRF/lidar-nerf-main-git/data/nuscenes/train/n008-2018-08-01-15-16-36-0400__LIDAR_TOP__1533151610446899.pcd.npy",
      "lidar2world": [
        [
          -0.6400653401474472,
          0.7674609175015389,
          0.036333186615361536,
          644.4849258620189
        ],
        [
          -0.7681689269543607,
          -0.6382839328195994,
          -0.050101105438194404,
          1614.172444630866
        ],
        [
          -0.015259751102716636,
          -0.0599780060692159,
          0.9980830520473946,
          1.826306925654708
        ],
        [
          0.0,
          0.0,
          0.0,
          1.0
        ]
      ]
    },
    {
      "lidar_file_path": "/home/xueweiyi/LIDAR-NeRF/lidar-nerf-main-git/data/nuscenes/train/n008-2018-08-01-15-16-36-0400__LIDAR_TOP__1533151610946785.pcd.npy",
      "lidar2world": [
        [
          -0.6397142339594688,
          0.7678938037307328,
          0.03323860799726373,
          645.5601416603746
        ],
        [
          -0.7684788820522019,
          -0.6381970407318476,
          -0.04631139212881924,
          1613.2625998124195
        ],
        [
          -0.014349449795964891,
          -0.05516922505399281,
          0.9983739028527808,
          1.8311756861887312
        ],
        [
          0.0,
          0.0,
          0.0,
          1.0
        ]
      ]
    },
    {
      "lidar_file_path": "/home/xueweiyi/LIDAR-NeRF/lidar-nerf-main-git/data/nuscenes/train/n008-2018-08-01-15-16-36-0400__LIDAR_TOP__1533151611446636.pcd.npy",
      "lidar2world": [
        [
          -0.6392579953352155,
          0.7684842346868036,
          0.027949891553219412,
          646.2524938454522
        ],
        [
          -0.7688360073035057,
          -0.6379728980698577,
          -0.04337943293714957,
          1612.671302558765
        ],
        [
          -0.015505137006907305,
          -0.049219532364523914,
          0.9986676265706285,
          1.837088629831925
        ],
        [
          0.0,
          0.0,
          0.0,
          1.0
        ]
      ]
    },
    {
      "lidar_file_path": "/home/xueweiyi/LIDAR-NeRF/lidar-nerf-main-git/data/nuscenes/train/n008-2018-08-01-15-16-36-0400__LIDAR_TOP__1533151611896734.pcd.npy",
      "lidar2world": [
        [
          -0.6398854001631653,
          0.7680294065028861,
          0.02602893399371129,
          646.8177487269694
        ],
        [
          -0.7683204261727021,
          -0.638724453549158,
          -0.04141008529483057,
          1612.1869629874575
        ],
        [
          -0.015178846590622276,
          -0.0464962706585429,
          0.9988031334707677,
          1.8397919723095428
        ],
        [
          0.0,
          0.0,
          0.0,
          1.0
        ]
      ]
    },
    {
      "lidar_file_path": "/home/xueweiyi/LIDAR-NeRF/lidar-nerf-main-git/data/nuscenes/train/n008-2018-08-01-15-16-36-0400__LIDAR_TOP__1533151612397179.pcd.npy",
      "lidar2world": [
        [
          -0.641298981330821,
          0.7668743319535796,
          0.025285876192075795,
          647.4536225617483
        ],
        [
          -0.7671470396860032,
          -0.6401917838208351,
          -0.04049567173536089,
          1611.6387173263463
        ],
        [
          -0.014867281024188552,
          -0.04536781809881202,
          0.9988597123900332,
          1.840911924726605
        ],
        [
          0.0,
          0.0,
          0.0,
          1.0
        ]
      ]
    },
    {
      "lidar_file_path": "/home/xueweiyi/LIDAR-NeRF/lidar-nerf-main-git/data/nuscenes/train/n008-2018-08-01-15-16-36-0400__LIDAR_TOP__1533151612897588.pcd.npy",
      "lidar2world": [
        [
          -0.6428490462415607,
          0.765649108113734,
          0.022946611753362912,
          648.1483879008738
        ],
        [
          -0.7658386100827546,
          -0.6418299074748965,
          -0.03931403282901318,
          1611.0368439044905
        ],
        [
          -0.015372932473364714,
          -0.04284638975934458,
          0.9989633926384689,
          1.8433786962060574
        ],
        [
          0.0,
          0.0,
          0.0,
          1.0
        ]
      ]
    },
    {
      "lidar_file_path": "/home/xueweiyi/LIDAR-NeRF/lidar-nerf-main-git/data/nuscenes/train/n008-2018-08-01-15-16-36-0400__LIDAR_TOP__1533151613398020.pcd.npy",
      "lidar2world": [
        [
          -0.6410675770852484,
          0.767192167439859,
          0.021178758910271753,
          648.9409229206968
        ],
        [
          -0.7672861557483914,
          -0.640030663834568,
          -0.04040673889756768,
          1610.354107552533
        ],
        [
          -0.01744467846946791,
          -0.0421536187107644,
          0.9989588357998958,
          1.8440057410445982
        ],
        [
          0.0,
          0.0,
          0.0,
          1.0
        ]
      ]
    },
    {
      "lidar_file_path": "/home/xueweiyi/LIDAR-NeRF/lidar-nerf-main-git/data/nuscenes/train/n008-2018-08-01-15-16-36-0400__LIDAR_TOP__1533151613948222.pcd.npy",
      "lidar2world": [
        [
          -0.6401579211448891,
          0.7680045864103164,
          0.01915179490755425,
          649.9837859783034
        ],
        [
          -0.768001665644942,
          -0.6391323872458706,
          -0.04102722437598871,
          1609.4676243994666
        ],
        [
          -0.01926856408913593,
          -0.040972513055969675,
          0.9989744619417604,
          1.8451086644665387
        ],
        [
          0.0,
          0.0,
          0.0,
          1.0
        ]
      ]
    },
    {
      "lidar_file_path": "/home/xueweiyi/LIDAR-NeRF/lidar-nerf-main-git/data/nuscenes/train/n008-2018-08-01-15-16-36-0400__LIDAR_TOP__1533151614450164.pcd.npy",
      "lidar2world": [
        [
          -0.640047922686026,
          0.768176297002729,
          0.015615165336123987,
          651.0502004337254
        ],
        [
          -0.7679892694233883,
          -0.6390181833842932,
          -0.04299120089930657,
          1608.5538346949702
        ],
        [
          -0.023046446924194417,
          -0.039508708247794136,
          0.9989534139572064,
          1.846408500262749
        ],
        [
          0.0,
          0.0,
          0.0,
          1.0
        ]
      ]
    },
    {
      "lidar_file_path": "/home/xueweiyi/LIDAR-NeRF/lidar-nerf-main-git/data/nuscenes/train/n008-2018-08-01-15-16-36-0400__LIDAR_TOP__1533151614948536.pcd.npy",
      "lidar2world": [
        [
          -0.6392045892641897,
          0.7689172639779884,
          0.013554859652650913,
          652.314299446911
        ],
        [
          -0.7685647962280987,
          -0.6380956963795873,
          -0.04628213759875821,
          1607.4759424939473
        ],
        [
          -0.026937837004104098,
          -0.040001542700923085,
          0.9988364378210709,
          1.845767984959983
        ],
        [
          0.0,
          0.0,
          0.0,
          1.0
        ]
      ]
    },
    {
      "lidar_file_path": "/home/xueweiyi/LIDAR-NeRF/lidar-nerf-main-git/data/nuscenes/train/n008-2018-08-01-15-16-36-0400__LIDAR_TOP__1533151615448397.pcd.npy",
      "lidar2world": [
        [
          -0.6392738502253649,
          0.768897248359675,
          0.011223452363569456,
          653.7458596190374
        ],
        [
          -0.7684448087402607,
          -0.6382175759022891,
          -0.04659293647699687,
          1606.2504433520407
        ],
        [
          -0.028662176089427914,
          -0.03841024959988421,
          0.9988509059852189,
          1.8472371641862115
        ],
        [
          0.0,
          0.0,
          0.0,
          1.0
        ]
      ]
    },
    {
      "lidar_file_path": "/home/xueweiyi/LIDAR-NeRF/lidar-nerf-main-git/data/nuscenes/train/n008-2018-08-01-15-16-36-0400__LIDAR_TOP__1533151615947733.pcd.npy",
      "lidar2world": [
        [
          -0.6401837597900311,
          0.768156183820486,
          0.010041462017341572,
          655.3479677717319
        ],
        [
          -0.7676464835158235,
          -0.6391438929072022,
          -0.04705274173962176,
          1604.884042981946
        ],
        [
          -0.029725915408755275,
          -0.037830694122270386,
          0.9988419337089011,
          1.8477480180621846
        ],
        [
          0.0,
          0.0,
          0.0,
          1.0
        ]
      ]
    },
    {
      "lidar_file_path": "/home/xueweiyi/LIDAR-NeRF/lidar-nerf-main-git/data/nuscenes/train/n008-2018-08-01-15-16-36-0400__LIDAR_TOP__1533151616447606.pcd.npy",
      "lidar2world": [
        [
          -0.6421817197917052,
          0.7665094162477141,
          0.008121180268578148,
          657.1325792559318
        ],
        [
          -0.7660235186543882,
          -0.6413091043795408,
          -0.0439386106773992,
          1603.3629309574765
        ],
        [
          -0.028471171976522207,
          -0.03443758765503326,
          0.9990012236843275,
          1.8510932566593377
        ],
        [
          0.0,
          0.0,
          0.0,
          1.0
        ]
      ]
    },
    {
      "lidar_file_path": "/home/xueweiyi/LIDAR-NeRF/lidar-nerf-main-git/data/nuscenes/train/n008-2018-08-01-15-16-36-0400__LIDAR_TOP__1533151616947490.pcd.npy",
      "lidar2world": [
        [
          -0.6449003760680179,
          0.7642513987296424,
          0.004827472124496818,
          659.1161290281019
        ],
        [
          -0.7636727941362427,
          -0.6441374643355634,
          -0.043483221309983215,
          1601.6594077577
        ],
        [
          -0.03012255705400129,
          -0.031728954901386365,
          0.9990424940799029,
          1.8536177218104002
        ],
        [
          0.0,
          0.0,
          0.0,
          1.0
        ]
      ]
    },
    {
      "lidar_file_path": "/home/xueweiyi/LIDAR-NeRF/lidar-nerf-main-git/data/nuscenes/train/n008-2018-08-01-15-16-36-0400__LIDAR_TOP__1533151617397050.pcd.npy",
      "lidar2world": [
        [
          -0.6472639688035242,
          0.7622634032242003,
          0.001964381269624648,
          661.0339466306125
        ],
        [
          -0.7617374710663517,
          -0.6467171432599894,
          -0.03889680947172121,
          1600.0144759015686
        ],
        [
          -0.028379215319512405,
          -0.02667284609299475,
          0.9992413018981701,
          1.8585306325156468
        ],
        [
          0.0,
          0.0,
          0.0,
          1.0
        ]
      ]
    },
    {
      "lidar_file_path": "/home/xueweiyi/LIDAR-NeRF/lidar-nerf-main-git/data/nuscenes/train/n008-2018-08-01-15-16-36-0400__LIDAR_TOP__1533151617947237.pcd.npy",
      "lidar2world": [
        [
          -0.6507093115023151,
          0.7593142184185538,
          0.00439427259099161,
          663.5239149246429
        ],
        [
          -0.7589804662942807,
          -0.6502267137459773,
          -0.0339686990452022,
          1597.8675539816877
        ],
        [
          -0.022935642740058285,
          -0.02543891582846787,
          0.999413236781249,
          1.8599321511325324
        ],
        [
          0.0,
          0.0,
          0.0,
          1.0
        ]
      ]
    },
    {
      "lidar_file_path": "/home/xueweiyi/LIDAR-NeRF/lidar-nerf-main-git/data/nuscenes/train/n008-2018-08-01-15-16-36-0400__LIDAR_TOP__1533151618447134.pcd.npy",
      "lidar2world": [
        [
          -0.6537329740298987,
          0.7566449661484332,
          0.011026960971262099,
          665.9373828031228
        ],
        [
          -0.7564157068167993,
          -0.6529793278301256,
          -0.03812185603247691,
          1595.7469240935595
        ],
        [
          -0.021644332904185163,
          -0.033262480796769224,
          0.9992122548409716,
          1.8525072458170522
        ],
        [
          0.0,
          0.0,
          0.0,
          1.0
        ]
      ]
    },
    {
      "lidar_file_path": "/home/xueweiyi/LIDAR-NeRF/lidar-nerf-main-git/data/nuscenes/train/n008-2018-08-01-15-16-36-0400__LIDAR_TOP__1533151618946993.pcd.npy",
      "lidar2world": [
        [
          -0.6553316018613281,
          0.7552577362629785,
          0.011235809574172568,
          668.4888319935712
        ],
        [
          -0.7551192203744135,
          -0.6547057435296058,
          -0.033990475290647394,
          1593.4955642720709
        ],
        [
          -0.018315420361101342,
          -0.030759408386172405,
          0.999358996643713,
          1.8550157322290053
        ],
        [
          0.0,
          0.0,
          0.0,
          1.0
        ]
      ]
    },
    {
      "lidar_file_path": "/home/xueweiyi/LIDAR-NeRF/lidar-nerf-main-git/data/nuscenes/train/n008-2018-08-01-15-16-36-0400__LIDAR_TOP__1533151619446866.pcd.npy",
      "lidar2world": [
        [
          -0.655670091759922,
          0.7549633863504911,
          0.011270139384029465,
          671.165397375379
        ],
        [
          -0.7547771017069471,
          -0.6549628253097044,
          -0.03654071976837675,
          1591.1541939331116
        ],
        [
          -0.020205383203419927,
          -0.032465100223616254,
          0.9992686124146369,
          1.8533221975907792
        ],
        [
          0.0,
          0.0,
          0.0,
          1.0
        ]
      ]
    },
    {
      "lidar_file_path": "/home/xueweiyi/LIDAR-NeRF/lidar-nerf-main-git/data/nuscenes/train/n008-2018-08-01-15-16-36-0400__LIDAR_TOP__1533151619947313.pcd.npy",
      "lidar2world": [
        [
          -0.6570928348232297,
          0.7536763170172648,
          0.014177996729516881,
          673.9846445231996
        ],
        [
          -0.7535446917105478,
          -0.6562470138445203,
          -0.03886199190731571,
          1588.6554355752137
        ],
        [
          -0.019985094916617638,
          -0.03621969060387247,
          0.9991439986276914,
          1.84970826210567
        ],
        [
          0.0,
          0.0,
          0.0,
          1.0
        ]
      ]
    },
    {
      "lidar_file_path": "/home/xueweiyi/LIDAR-NeRF/lidar-nerf-main-git/data/nuscenes/train/n008-2018-08-01-15-16-36-0400__LIDAR_TOP__1533151620447745.pcd.npy",
      "lidar2world": [
        [
          -0.6571674411594451,
          0.7535806799774116,
          0.015719829666067872,
          676.8873750349351
        ],
        [
          -0.7535116965303718,
          -0.6563030266437946,
          -0.03855464187509158,
          1586.0615734532278
        ],
        [
          -0.018737061452351836,
          -0.03718193086671998,
          0.9991328372869916,
          1.8488140924528
        ],
        [
          0.0,
          0.0,
          0.0,
          1.0
        ]
      ]
    },
    {
      "lidar_file_path": "/home/xueweiyi/LIDAR-NeRF/lidar-nerf-main-git/data/nuscenes/train/n008-2018-08-01-15-16-36-0400__LIDAR_TOP__1533151621047706.pcd.npy",
      "lidar2world": [
        [
          -0.6543999982880307,
          0.7559790445230022,
          0.016010199333926108,
          680.4445252106152
        ],
        [
          -0.7558547684360878,
          -0.6534089243101109,
          -0.04171746234288575,
          1582.9080930267264
        ],
        [
          -0.021076320197127997,
          -0.03940129279592579,
          0.9990011645903902,
          1.8465833299596848
        ],
        [
          0.0,
          0.0,
          0.0,
          1.0
        ]
      ]
    },
    {
      "lidar_file_path": "/home/xueweiyi/LIDAR-NeRF/lidar-nerf-main-git/data/nuscenes/train/n008-2018-08-01-15-16-36-0400__LIDAR_TOP__1533151621448049.pcd.npy",
      "lidar2world": [
        [
          -0.6542031389373082,
          0.7560941833736875,
          0.018434719228902052,
          682.8770864913866
        ],
        [
          -0.7560950876365641,
          -0.6532223470722447,
          -0.04025895847240979,
          1580.7525551359186
        ],
        [
          -0.018397593767350645,
          -0.0402759376539294,
          0.9990192077180834,
          1.8458144416131654
        ],
        [
          0.0,
          0.0,
          0.0,
          1.0
        ]
      ]
    }
  ]
}