{
  "w_lidar": 1030,
  "h_lidar": 66,
  "aabb_scale": 2,
  "frames": [
    {
      "lidar_file_path": "/home/xueweiyi/LIDAR-NeRF/lidar-nerf-main-git/data/kitti360/train/0000001900.npy",
      "lidar2world": [
        [
          -0.3676881441019681,
          0.9299269938334727,
          0.006419882867419151,
          1081.401685398952
        ],
        [
          -0.9299056168717369,
          -0.36759536880832033,
          -0.012214281011701248,
          3785.1458755984477
        ],
        [
          -0.008998470382432198,
          -0.010460931462149744,
          0.9999047936940083,
          116.07984610889504
        ],
        [
          0.0,
          0.0,
          0.0,
          1.0
        ]
      ]
    },
    {
      "lidar_file_path": "/home/xueweiyi/LIDAR-NeRF/lidar-nerf-main-git/data/kitti360/train/0000001905.npy",
      "lidar2world": [
        [
          -0.5074439423352084,
          0.8615246953979944,
          0.016608573254126867,
          1079.8881440316372
        ],
        [
          -0.8616444396295696,
          -0.507139442043504,
          -0.019453693217429034,
          3782.1238708055284
        ],
        [
          -0.008336974506170918,
          -0.024182343561494596,
          0.9996728010560242,
          116.07271496567155
        ],
        [
          0.0,
          0.0,
          0.0,
          1.0
        ]
      ]
    },
    {
      "lidar_file_path": "/home/xueweiyi/LIDAR-NeRF/lidar-nerf-main-git/data/kitti360/train/0000001910.npy",
      "lidar2world": [
        [
          -0.6108819118148905,
          0.7915364377688311,
          0.01712768251127127,
          1077.813102833096
        ],
        [
          -0.7916462275386208,
          -0.6103819557171927,
          -0.027020709338000635,
          3779.103648712107
        ],
        [
          -0.010933447604909266,
          -0.030065527820531162,
          0.9994881308465426,
          116.06457010447738
        ],
        [
          0.0,
          0.0,
          0.0,
          1.0
        ]
      ]
    },
    {
      "lidar_file_path": "/home/xueweiyi/LIDAR-NeRF/lidar-nerf-main-git/data/kitti360/train/0000001915.npy",
      "lidar2world": [
        [
          -0.7037775862788076,
          0.7102287131669774,
          0.016501036478073775,
          1075.1897283453693
        ],
        [
          -0.710357374218491,
          -0.7032159958541269,
          -0.02965913206926026,
          3776.1377295118496
        ],
        [
          -0.0094609742965112,
          -0.03259506533458961,
          0.9994238598807201,
          116.05978038209359
        ],
        [
          0.0,
          0.0,
          0.0,
          1.0
        ]
      ]
    },
    {
      "lidar_file_path": "/home/xueweiyi/LIDAR-NeRF/lidar-nerf-main-git/data/kitti360/train/0000001920.npy",
      "lidar2world": [
        [
          -0.7727100310858277,
          0.6347328494774643,
          0.00578080121714785,
          1072.0557049227068
        ],
        [
          -0.6346816133395501,
          -0.772441212607934,
          -0.02266766170429576,
          3773.3635259690313
        ],
        [
          -0.009922580314303023,
          -0.021184497799684118,
          0.999726342263386,
          116.0518389004785
        ],
        [
          0.0,
          0.0,
          0.0,
          1.0
        ]
      ]
    },
    {
      "lidar_file_path": "/home/xueweiyi/LIDAR-NeRF/lidar-nerf-main-git/data/kitti360/train/0000001925.npy",
      "lidar2world": [
        [
          -0.7825396926433221,
          0.6223447034537412,
          -0.017852155602359084,
          1068.6338605162575
        ],
        [
          -0.6225203694681636,
          -0.782577601231387,
          0.0063786916666147735,
          3770.726536180971
        ],
        [
          -0.010000952120695034,
          0.016104909963100413,
          0.9998202902594826,
          116.04558360493779
        ],
        [
          0.0,
          0.0,
          0.0,
          1.0
        ]
      ]
    },
    {
      "lidar_file_path": "/home/xueweiyi/LIDAR-NeRF/lidar-nerf-main-git/data/kitti360/train/0000001930.npy",
      "lidar2world": [
        [
          -0.7514918698726837,
          0.658885558793435,
          -0.033612347424346926,
          1065.2245140014409
        ],
        [
          -0.6595609791964602,
          -0.7515041563409333,
          0.014859943808661721,
          3767.9013494929845
        ],
        [
          -0.015468816321140545,
          0.03333651980327021,
          0.9993244679428529,
          116.0464692762239
        ],
        [
          0.0,
          0.0,
          0.0,
          1.0
        ]
      ]
    },
    {
      "lidar_file_path": "/home/xueweiyi/LIDAR-NeRF/lidar-nerf-main-git/data/kitti360/train/0000001935.npy",
      "lidar2world": [
        [
          -0.7144881303786014,
          0.6987700884813054,
          -0.03502962921350099,
          1061.9394257947056
        ],
        [
          -0.6994874357939879,
          -0.7144998466926066,
          0.01439778719121459,
          3764.8019821087
        ],
        [
          -0.014967921550641547,
          0.03478983357939149,
          0.9992825571049486,
          116.04155977085946
        ],
        [
          0.0,
          0.0,
          0.0,
          1.0
        ]
      ]
    },
    {
      "lidar_file_path": "/home/xueweiyi/LIDAR-NeRF/lidar-nerf-main-git/data/kitti360/train/0000001940.npy",
      "lidar2world": [
        [
          -0.6818834539681492,
          0.7308637716049924,
          -0.029548310391317244,
          1058.7529735148128
        ],
        [
          -0.7314362581312875,
          -0.6816351201799903,
          0.01935363808048652,
          3761.4799871407895
        ],
        [
          -0.0059962932106837966,
          0.03480963121090405,
          0.9993759723817734,
          116.03316747878222
        ],
        [
          0.0,
          0.0,
          0.0,
          1.0
        ]
      ]
    },
    {
      "lidar_file_path": "/home/xueweiyi/LIDAR-NeRF/lidar-nerf-main-git/data/kitti360/train/0000001945.npy",
      "lidar2world": [
        [
          -0.651015251897851,
          0.7583911582519621,
          -0.03196862471488181,
          1055.6522017985146
        ],
        [
          -0.7589986989588346,
          -0.650936279205023,
          0.014245545350515814,
          3757.956878160594
        ],
        [
          -0.01000584188392121,
          0.033538211788244045,
          0.999387348062626,
          116.04902626330693
        ],
        [
          0.0,
          0.0,
          0.0,
          1.0
        ]
      ]
    },
    {
      "lidar_file_path": "/home/xueweiyi/LIDAR-NeRF/lidar-nerf-main-git/data/kitti360/train/0000001950.npy",
      "lidar2world": [
        [
          -0.6278807688335606,
          0.7775573727430295,
          -0.034209240534198326,
          1052.6892797905946
        ],
        [
          -0.778177897373186,
          -0.6279762506377572,
          0.009218939270606782,
          3754.333701310512
        ],
        [
          -0.014314336369183401,
          0.03240926951517297,
          0.9993721724290692,
          116.07754699214294
        ],
        [
          0.0,
          0.0,
          0.0,
          1.0
        ]
      ]
    },
    {
      "lidar_file_path": "/home/xueweiyi/LIDAR-NeRF/lidar-nerf-main-git/data/kitti360/train/0000001955.npy",
      "lidar2world": [
        [
          -0.6146231515635036,
          0.7885205486678042,
          -0.021765246392013354,
          1049.8832523399403
        ],
        [
          -0.7887705081950102,
          -0.6146617265898419,
          0.005661030658495918,
          3750.6927474316385
        ],
        [
          -0.008914424848608958,
          0.020647185000935875,
          0.9997470814470735,
          116.08287474910136
        ],
        [
          0.0,
          0.0,
          0.0,
          1.0
        ]
      ]
    },
    {
      "lidar_file_path": "/home/xueweiyi/LIDAR-NeRF/lidar-nerf-main-git/data/kitti360/train/0000001960.npy",
      "lidar2world": [
        [
          -0.6062217519694166,
          0.7951255509450851,
          -0.016448273626215093,
          1047.1682564384184
        ],
        [
          -0.7951537138972092,
          -0.6063746452058397,
          -0.0063530248339325425,
          3747.063816058441
        ],
        [
          -0.015025268335692135,
          0.009227564033597719,
          0.9998445346452197,
          116.09180596438699
        ],
        [
          0.0,
          0.0,
          0.0,
          1.0
        ]
      ]
    },
    {
      "lidar_file_path": "/home/xueweiyi/LIDAR-NeRF/lidar-nerf-main-git/data/kitti360/train/0000001965.npy",
      "lidar2world": [
        [
          -0.6222528882687262,
          0.7827662732013717,
          -0.008848984378142969,
          1044.4782520684364
        ],
        [
          -0.7827137235225154,
          -0.6223145884556323,
          -0.00915314237538537,
          3743.527434853822
        ],
        [
          -0.012671623178365538,
          0.0012306521637145053,
          0.9999189544177307,
          116.0937115929695
        ],
        [
          0.0,
          0.0,
          0.0,
          1.0
        ]
      ]
    },
    {
      "lidar_file_path": "/home/xueweiyi/LIDAR-NeRF/lidar-nerf-main-git/data/kitti360/train/0000001970.npy",
      "lidar2world": [
        [
          -0.6249268169856418,
          0.7805871481817762,
          -0.012254697928583807,
          1041.7207791237747
        ],
        [
          -0.7805634279585354,
          -0.6250289602464437,
          -0.007715822873136566,
          3740.0586680448505
        ],
        [
          -0.013682413229020677,
          0.0047437444235734665,
          0.9998951387740034,
          116.08968483934464
        ],
        [
          0.0,
          0.0,
          0.0,
          1.0
        ]
      ]
    },
    {
      "lidar_file_path": "/home/xueweiyi/LIDAR-NeRF/lidar-nerf-main-git/data/kitti360/train/0000001975.npy",
      "lidar2world": [
        [
          -0.6116622997043673,
          0.7910689338692322,
          -0.008897917072261055,
          1038.9771317349534
        ],
        [
          -0.79098473132665,
          -0.6117270154354649,
          -0.011541813862946955,
          3736.491643685247
        ],
        [
          -0.014573466612008876,
          -2.1575891647205996e-05,
          0.9998938011378881,
          116.06907222791406
        ],
        [
          0.0,
          0.0,
          0.0,
          1.0
        ]
      ]
    },
    {
      "lidar_file_path": "/home/xueweiyi/LIDAR-NeRF/lidar-nerf-main-git/data/kitti360/train/0000001980.npy",
      "lidar2world": [
        [
          -0.6159292841536194,
          0.7877735068208228,
          0.006634672145631721,
          1036.2225289691003
        ],
        [
          -0.7877938169495439,
          -0.615938538552197,
          -0.0007866536351492487,
          3732.8608494989194
        ],
        [
          0.003466845424906271,
          -0.005711276674466205,
          0.9999776809040882,
          116.07473729668891
        ],
        [
          0.0,
          0.0,
          0.0,
          1.0
        ]
      ]
    },
    {
      "lidar_file_path": "/home/xueweiyi/LIDAR-NeRF/lidar-nerf-main-git/data/kitti360/train/0000001985.npy",
      "lidar2world": [
        [
          -0.6259456817443493,
          0.779822224504063,
          -0.008324769477372533,
          1033.313438989757
        ],
        [
          -0.7797745566015091,
          -0.6260001493700816,
          -0.008686429734421207,
          3729.164155231721
        ],
        [
          -0.011985177823690584,
          0.0010542101901009542,
          0.9999276194357581,
          116.09560069910992
        ],
        [
          0.0,
          0.0,
          0.0,
          1.0
        ]
      ]
    },
    {
      "lidar_file_path": "/home/xueweiyi/LIDAR-NeRF/lidar-nerf-main-git/data/kitti360/train/0000001990.npy",
      "lidar2world": [
        [
          -0.6219408302506663,
          0.782895639306459,
          -0.016248744745040185,
          1030.3152572953868
        ],
        [
          -0.7829712525266616,
          -0.622052852590001,
          -0.002503258438241539,
          3725.4188118544025
        ],
        [
          -0.012067368086161212,
          0.011165421415649782,
          0.9998648468331429,
          116.09060774614468
        ],
        [
          0.0,
          0.0,
          0.0,
          1.0
        ]
      ]
    },
    {
      "lidar_file_path": "/home/xueweiyi/LIDAR-NeRF/lidar-nerf-main-git/data/kitti360/train/0000001995.npy",
      "lidar2world": [
        [
          -0.5935976138468068,
          0.8045970391188447,
          -0.01629347982331287,
          1027.3788589397368
        ],
        [
          -0.8046860906720167,
          -0.5936980340825234,
          -0.0017146161880846873,
          3721.5433050634692
        ],
        [
          -0.011052981981539714,
          0.01209334450852498,
          0.9998657823625067,
          116.09160723199824
        ],
        [
          0.0,
          0.0,
          0.0,
          1.0
        ]
      ]
    },
    {
      "lidar_file_path": "/home/xueweiyi/LIDAR-NeRF/lidar-nerf-main-git/data/kitti360/train/0000002000.npy",
      "lidar2world": [
        [
          -0.5539512282342315,
          0.8322870801586114,
          -0.020886668905256353,
          1024.6482382138017
        ],
        [
          -0.8323810261386152,
          -0.5541691741691154,
          -0.006193045473690511,
          3717.586575889826
        ],
        [
          -0.016729139716788514,
          0.013955021810295336,
          0.9997626684312094,
          116.09745663238857
        ],
        [
          0.0,
          0.0,
          0.0,
          1.0
        ]
      ]
    },
    {
      "lidar_file_path": "/home/xueweiyi/LIDAR-NeRF/lidar-nerf-main-git/data/kitti360/train/0000002005.npy",
      "lidar2world": [
        [
          -0.5222971521249503,
          0.8526451498024039,
          -0.014210327479163972,
          1022.1701593255221
        ],
        [
          -0.8526059586543627,
          -0.5224484739709555,
          -0.010520047347607808,
          3713.591684659144
        ],
        [
          -0.016394031265265663,
          0.006621219099176302,
          0.9998436853511867,
          116.09730852165427
        ],
        [
          0.0,
          0.0,
          0.0,
          1.0
        ]
      ]
    },
    {
      "lidar_file_path": "/home/xueweiyi/LIDAR-NeRF/lidar-nerf-main-git/data/kitti360/train/0000002010.npy",
      "lidar2world": [
        [
          -0.509568657511661,
          0.8604029927695991,
          -0.006817141779736889,
          1019.8234505598767
        ],
        [
          -0.8603900565305107,
          -0.509605350277801,
          -0.005598009567972641,
          3709.6179142216533
        ],
        [
          -0.008290596025666612,
          0.0030128307396142524,
          0.999961093668569,
          116.0929296700483
        ],
        [
          0.0,
          0.0,
          0.0,
          1.0
        ]
      ]
    },
    {
      "lidar_file_path": "/home/xueweiyi/LIDAR-NeRF/lidar-nerf-main-git/data/kitti360/train/0000002015.npy",
      "lidar2world": [
        [
          -0.5004316865350491,
          0.8657745414611233,
          0.0016032941809581043,
          1017.5709729080706
        ],
        [
          -0.8657256650629883,
          -0.5003817453781672,
          -0.011712463895695965,
          3705.6468820858613
        ],
        [
          -0.009338093945824591,
          -0.007249300971953546,
          0.9999301213803495,
          116.1094543078222
        ],
        [
          0.0,
          0.0,
          0.0,
          1.0
        ]
      ]
    },
    {
      "lidar_file_path": "/home/xueweiyi/LIDAR-NeRF/lidar-nerf-main-git/data/kitti360/train/0000002020.npy",
      "lidar2world": [
        [
          -0.5137157354595285,
          0.857956106998119,
          -0.0027316166483895036,
          1015.3031834789178
        ],
        [
          -0.8578156099809212,
          -0.5136849055145073,
          -0.016739092569250165,
          3701.7241329965914
        ],
        [
          -0.01576459685168932,
          -0.006255911906355811,
          0.9998561602000153,
          116.10406644564668
        ],
        [
          0.0,
          0.0,
          0.0,
          1.0
        ]
      ]
    },
    {
      "lidar_file_path": "/home/xueweiyi/LIDAR-NeRF/lidar-nerf-main-git/data/kitti360/train/0000002025.npy",
      "lidar2world": [
        [
          -0.5263420978632177,
          0.850272615060451,
          0.0006899817419613705,
          1013.0006652177591
        ],
        [
          -0.8501973751038809,
          -0.5262843604596616,
          -0.013754827747017336,
          3697.895362469864
        ],
        [
          -0.01133222672021373,
          -0.007826365544213535,
          0.9999051598307214,
          116.0964766370913
        ],
        [
          0.0,
          0.0,
          0.0,
          1.0
        ]
      ]
    },
    {
      "lidar_file_path": "/home/xueweiyi/LIDAR-NeRF/lidar-nerf-main-git/data/kitti360/train/0000002030.npy",
      "lidar2world": [
        [
          -0.5237796239134669,
          0.8518458027708637,
          -0.0036924182888279735,
          1010.6998813759246
        ],
        [
          -0.8517052788518623,
          -0.523764319390501,
          -0.016402921900229534,
          3694.118924579175
        ],
        [
          -0.015906717059255764,
          -0.0054466641373047105,
          0.9998586450820645,
          116.10203373188092
        ],
        [
          0.0,
          0.0,
          0.0,
          1.0
        ]
      ]
    },
    {
      "lidar_file_path": "/home/xueweiyi/LIDAR-NeRF/lidar-nerf-main-git/data/kitti360/train/0000002035.npy",
      "lidar2world": [
        [
          -0.5066751790448233,
          0.8620771732953006,
          -0.01015924102996369,
          1008.4852820316376
        ],
        [
          -0.8620117104275,
          -0.5067672675581326,
          -0.011079154403004176,
          3690.4002427464497
        ],
        [
          -0.014699456883946012,
          0.0031438521784299084,
          0.9998870147553631,
          116.10372566848365
        ],
        [
          0.0,
          0.0,
          0.0,
          1.0
        ]
      ]
    },
    {
      "lidar_file_path": "/home/xueweiyi/LIDAR-NeRF/lidar-nerf-main-git/data/kitti360/train/0000002040.npy",
      "lidar2world": [
        [
          -0.4856485768285186,
          0.8741129034028395,
          -0.008490701285516346,
          1006.4074323735796
        ],
        [
          -0.874068627765852,
          -0.4857140184988818,
          -0.009269645141942878,
          3686.692951547317
        ],
        [
          -0.012226769074811933,
          0.0029196656231079516,
          0.9999209877152372,
          116.10392782329386
        ],
        [
          0.0,
          0.0,
          0.0,
          1.0
        ]
      ]
    },
    {
      "lidar_file_path": "/home/xueweiyi/LIDAR-NeRF/lidar-nerf-main-git/data/kitti360/train/0000002045.npy",
      "lidar2world": [
        [
          -0.47166277201028045,
          0.8817139377839199,
          -0.01071267624350702,
          1004.468002487756
        ],
        [
          -0.8816123053543762,
          -0.4717750254788066,
          -0.013713809237468644,
          3683.045201474305
        ],
        [
          -0.017145629788163877,
          0.002976133945045575,
          0.9998485735622857,
          116.10080204358086
        ],
        [
          0.0,
          0.0,
          0.0,
          1.0
        ]
      ]
    },
    {
      "lidar_file_path": "/home/xueweiyi/LIDAR-NeRF/lidar-nerf-main-git/data/kitti360/train/0000002050.npy",
      "lidar2world": [
        [
          -0.49150125093573815,
          0.8708762876345935,
          0.0010059646724023302,
          1002.6319470604888
        ],
        [
          -0.8707649994902005,
          -0.4914192727804229,
          -0.016595606641826355,
          3679.5964192310503
        ],
        [
          -0.013958369816604197,
          -0.009032720207547796,
          0.9998617773983166,
          116.09573410487774
        ],
        [
          0.0,
          0.0,
          0.0,
          1.0
        ]
      ]
    },
    {
      "lidar_file_path": "/home/xueweiyi/LIDAR-NeRF/lidar-nerf-main-git/data/kitti360/train/0000002055.npy",
      "lidar2world": [
        [
          -0.5108744350861214,
          0.8596538771422311,
          -0.001588446925442349,
          1000.7824638832402
        ],
        [
          -0.8596122672290507,
          -0.5108664608766639,
          -0.009066939051159663,
          3676.426538892846
        ],
        [
          -0.008605913512099484,
          -0.0032666189717847514,
          0.9999576328879096,
          116.10490274298105
        ],
        [
          0.0,
          0.0,
          0.0,
          1.0
        ]
      ]
    },
    {
      "lidar_file_path": "/home/xueweiyi/LIDAR-NeRF/lidar-nerf-main-git/data/kitti360/train/0000002060.npy",
      "lidar2world": [
        [
          -0.509992922283774,
          0.8601774320180217,
          -0.0014158858487597272,
          999.0484146326025
        ],
        [
          -0.8601280031346811,
          -0.5099800873847921,
          -0.010006435580955184,
          3673.46295559954
        ],
        [
          -0.00932938364601285,
          -0.003885368201933865,
          0.9999489319320409,
          116.12610317459774
        ],
        [
          0.0,
          0.0,
          0.0,
          1.0
        ]
      ]
    },
    {
      "lidar_file_path": "/home/xueweiyi/LIDAR-NeRF/lidar-nerf-main-git/data/kitti360/train/0000002065.npy",
      "lidar2world": [
        [
          -0.5054073729104065,
          0.8628640789511847,
          -0.005382254026448106,
          997.4712883999218
        ],
        [
          -0.8628573295577561,
          -0.5054298252987361,
          -0.004233269062688525,
          3670.762524674678
        ],
        [
          -0.006373087451002985,
          0.002504591916019466,
          0.9999765551055795,
          116.15031968962188
        ],
        [
          0.0,
          0.0,
          0.0,
          1.0
        ]
      ]
    },
    {
      "lidar_file_path": "/home/xueweiyi/LIDAR-NeRF/lidar-nerf-main-git/data/kitti360/train/0000002070.npy",
      "lidar2world": [
        [
          -0.5169645267511032,
          0.8560008271115237,
          -0.0032034537624847565,
          996.0587750072011
        ],
        [
          -0.8558370700217504,
          -0.5169329154015079,
          -0.017979730329627693,
          3668.3094356989664
        ],
        [
          -0.01704663460213969,
          -0.006553248248792316,
          0.9998332197454356,
          116.1682840733515
        ],
        [
          0.0,
          0.0,
          0.0,
          1.0
        ]
      ]
    },
    {
      "lidar_file_path": "/home/xueweiyi/LIDAR-NeRF/lidar-nerf-main-git/data/kitti360/train/0000002075.npy",
      "lidar2world": [
        [
          -0.5599333379599357,
          0.8285323107043626,
          -0.0029777764381005065,
          994.7171168140488
        ],
        [
          -0.8282937960021773,
          -0.5598521091202003,
          -0.022248672507432253,
          3666.1897142066236
        ],
        [
          -0.020100858378491175,
          -0.009991299751507044,
          0.9997480330160488,
          116.17088374560484
        ],
        [
          0.0,
          0.0,
          0.0,
          1.0
        ]
      ]
    }
  ]
}