start = 0
alpha_d = 1000.0
alpha_r = 4.5
alpha_i = 100
desired_resolution = 32768
change_patch_size_lidar = [16, 256]
num_steps = 768
upsample_steps = 64
bound = 1
scale =  0.008820408321763114
offset = [403.2250008489211, 1145.0360056768318, -5.930779143445541]