start = 0
alpha_d = 1000.0
alpha_r = 4.5
alpha_i = 100
desired_resolution = 32768
change_patch_size_lidar = [16, 256]
num_steps = 768
upsample_steps = 64
bound = 1
scale =  0.009427565737015996
offset = [637.4979026318393, 1614.2855370907246, -0.7031505973113852]